(0|14) -0.44953773308757394
(0|25) 0.34980281636600774
(0|49) -0.6713864827039303
(0|86) 0.7435868652668877
(0|109) 0.34980281636600774
(0|185) 0.5047047763517509
(1|16) -0.49529522364824907
(1|17) -0.5464477460956303
(1|85) -0.574476469695874
(1|110) -0.8474777417596115
(1|181) -0.6713864827039303
(1|197) -0.6713864827039303
(14|0) -0.44953773308757394
(14|37) -0.5464477460956303
(14|49) -0.6713864827039303
(14|61) -0.6713864827039303
(14|85) -0.5464477460956303
(14|104) -0.6713864827039303
(14|110) -0.9724164783679115
(14|184) -0.9724164783679115
(14|194) -0.6713864827039303
(16|1) -0.49529522364824907
(16|48) -0.574476469695874
(16|49) -0.5464477460956303
(16|63) -0.5464477460956303
(16|85) -0.42834843401763584
(16|112) -0.49529522364824907
(16|183) -0.40814504792934886
(16|193) -0.4672665000480055
(16|194) 0.44255686960290647
(17|1) -0.5464477460956303
(17|36) 0.5838860223993758
(17|49) -0.6713864827039303
(17|86) 0.4077947633436945
(18|51) -0.41611397760062424
(18|87) -0.44953773308757394
(18|169) 0.37000620245429483
(19|36) -0.49529522364824907
(19|61) -0.49529522364824907
(19|65) -0.6713864827039303
(19|98) -0.49529522364824907
(19|111) -0.6713864827039303
(19|192) -0.6713864827039303
(24|49) -0.41611397760062424
(24|73) 0.6073671182488988
(24|86) 0.7757715486382889
(24|87) -0.39518007076498124
(24|169) 0.34980281636600774
(25|0) 0.34980281636600774
(25|25) 0.3893113576496814
(25|37) -0.6713864827039303
(25|72) 0.5838860223993758
(25|120) 0.34980281636600774
(25|132) 0.34980281636600774
(25|144) 0.34980281636600774
(25|156) 0.3893113576496814
(25|184) -0.6713864827039303
(36|17) 0.5838860223993758
(36|19) -0.49529522364824907
(36|63) 0.37000620245429483
(36|65) -0.49529522364824907
(36|85) 0.6073671182488988
(36|109) 0.4747415529743077
(36|110) 0.5327334999519945
(36|111) 0.37000620245429483
(36|112) -0.49529522364824907
(37|14) -0.5464477460956303
(37|25) -0.6713864827039303
(37|49) -0.4672665000480055
(37|85) -0.58423630698503
(37|86) 0.671036198118276
(37|88) 0.44255686960290647
(37|98) -0.42834843401763584
(37|102) -0.6713864827039303
(48|16) -0.574476469695874
(48|61) -0.43730327667056224
(48|63) 0.37000620245429483
(48|98) -0.6713864827039303
(48|112) -0.42834843401763584
(48|195) -0.49529522364824907
(49|0) -0.6713864827039303
(49|14) -0.6713864827039303
(49|16) -0.5464477460956303
(49|17) -0.6713864827039303
(49|24) -0.41611397760062424
(49|37) -0.4672665000480055
(49|61) -0.9724164783679115
(49|63) -0.49529522364824907
(49|64) -0.6713864827039303
(49|72) -0.4672665000480055
(49|84) -0.6713864827039303
(49|85) -0.6713864827039303
(49|99) -0.6713864827039303
(49|100) -0.6713864827039303
(49|111) -0.5464477460956303
(49|112) -0.6713864827039303
(49|120) -0.4672665000480055
(49|144) -0.4672665000480055
(49|168) -0.7963252193122302
(49|183) -0.49529522364824907
(50|197) -0.6713864827039303
(51|18) -0.41611397760062424
(51|63) -0.5464477460956303
(51|86) 0.5327334999519945
(51|102) -0.6713864827039303
(51|113) -0.6713864827039303
(51|192) -0.49529522364824907
(51|196) -0.6713864827039303
(61|14) -0.6713864827039303
(61|19) -0.49529522364824907
(61|48) -0.43730327667056224
(61|49) -0.9724164783679115
(61|85) -0.49529522364824907
(61|87) -0.42834843401763584
(61|98) -1.0393632679985247
(61|102) -0.6713864827039303
(61|112) -0.5252584470256922
(61|192) -0.9724164783679115
(61|196) -0.6713864827039303
(62|109) -0.6713864827039303
(62|196) -0.6713864827039303
(62|197) -0.6713864827039303
(63|16) -0.5464477460956303
(63|36) 0.37000620245429483
(63|48) 0.37000620245429483
(63|49) -0.49529522364824907
(63|51) -0.5464477460956303
(63|87) -0.9724164783679115
(63|100) -0.8474777417596115
(63|108) -0.49529522364824907
(63|185) -0.6713864827039303
(63|193) -0.8474777417596115
(64|49) -0.6713864827039303
(64|111) -0.6713864827039303
(64|169) -0.6713864827039303
(64|182) -0.49529522364824907
(64|193) -0.6713864827039303
(65|19) -0.6713864827039303
(65|36) -0.49529522364824907
(65|88) -0.6713864827039303
(65|108) -0.49529522364824907
(72|25) 0.5838860223993758
(72|49) -0.4672665000480055
(72|86) 0.7435868652668877
(72|101) 0.37000620245429483
(72|169) 0.34980281636600774
(73|24) 0.6073671182488988
(73|73) 0.4077947633436945
(73|113) -0.6713864827039303
(73|120) 0.3893113576496814
(73|132) 0.37000620245429483
(73|144) 0.4077947633436945
(73|156) 0.4077947633436945
(84|49) -0.6713864827039303
(84|112) -0.6713864827039303
(84|180) -0.6713864827039303
(85|1) -0.574476469695874
(85|14) -0.5464477460956303
(85|16) -0.42834843401763584
(85|36) 0.6073671182488988
(85|37) -0.58423630698503
(85|49) -0.6713864827039303
(85|61) -0.49529522364824907
(85|98) -0.6713864827039303
(85|110) -0.6713864827039303
(85|181) -0.6713864827039303
(85|193) -0.574476469695874
(86|0) 0.7435868652668877
(86|17) 0.4077947633436945
(86|24) 0.7757715486382889
(86|37) 0.671036198118276
(86|51) 0.5327334999519945
(86|72) 0.7435868652668877
(86|86) 0.8600924343383248
(86|120) 0.8337634956159757
(86|132) 0.8199752111303424
(86|144) 0.8600924343383248
(86|156) 0.8600924343383248
(86|168) 0.671036198118276
(87|18) -0.44953773308757394
(87|24) -0.39518007076498124
(87|61) -0.42834843401763584
(87|63) -0.9724164783679115
(87|97) -0.6713864827039303
(87|98) -0.42834843401763584
(87|108) -0.49529522364824907
(87|168) -0.49529522364824907
(87|182) -0.5464477460956303
(87|183) -0.6713864827039303
(87|193) -0.49529522364824907
(87|194) -0.44953773308757394
(87|196) -0.8474777417596115
(88|37) 0.44255686960290647
(88|65) -0.6713864827039303
(88|100) -0.6713864827039303
(97|87) -0.6713864827039303
(98|19) -0.49529522364824907
(98|37) -0.42834843401763584
(98|48) -0.6713864827039303
(98|61) -1.0393632679985247
(98|85) -0.6713864827039303
(98|87) -0.42834843401763584
(98|110) -0.574476469695874
(98|112) -0.6713864827039303
(98|168) -0.5086591852062304
(98|184) -0.7963252193122302
(98|192) -0.5464477460956303
(98|194) -0.6713864827039303
(99|49) -0.6713864827039303
(99|193) -0.49529522364824907
(100|49) -0.6713864827039303
(100|63) -0.8474777417596115
(100|88) -0.6713864827039303
(100|183) -0.49529522364824907
(101|72) 0.37000620245429483
(101|101) 0.44255686960290647
(101|120) 0.4077947633436945
(101|132) 0.37000620245429483
(101|144) 0.44255686960290647
(101|156) 0.44255686960290647
(101|168) 0.44255686960290647
(102|37) -0.6713864827039303
(102|51) -0.6713864827039303
(102|61) -0.6713864827039303
(102|183) -0.6713864827039303
(102|193) -0.6713864827039303
(104|14) -0.6713864827039303
(104|112) -0.6713864827039303
(104|181) -0.6713864827039303
(108|63) -0.49529522364824907
(108|65) -0.49529522364824907
(108|87) -0.49529522364824907
(108|181) -0.6713864827039303
(108|184) -0.6713864827039303
(108|185) -0.6713864827039303
(108|196) -0.49529522364824907
(109|0) 0.34980281636600774
(109|36) 0.4747415529743077
(109|62) -0.6713864827039303
(109|169) 0.4077947633436945
(110|1) -0.8474777417596115
(110|14) -0.9724164783679115
(110|36) 0.5327334999519945
(110|85) -0.6713864827039303
(110|98) -0.574476469695874
(110|184) -0.5464477460956303
(110|193) -0.49529522364824907
(111|19) -0.6713864827039303
(111|36) 0.37000620245429483
(111|49) -0.5464477460956303
(111|64) -0.6713864827039303
(111|192) -0.49529522364824907
(112|16) -0.49529522364824907
(112|36) -0.49529522364824907
(112|48) -0.42834843401763584
(112|49) -0.6713864827039303
(112|61) -0.5252584470256922
(112|84) -0.6713864827039303
(112|98) -0.6713864827039303
(112|104) -0.6713864827039303
(112|183) -0.8474777417596115
(113|51) -0.6713864827039303
(113|73) -0.6713864827039303
(120|25) 0.34980281636600774
(120|49) -0.4672665000480055
(120|73) 0.3893113576496814
(120|86) 0.8337634956159757
(120|101) 0.4077947633436945
(120|169) 0.4255235303041261
(132|25) 0.34980281636600774
(132|73) 0.37000620245429483
(132|86) 0.8199752111303424
(132|101) 0.37000620245429483
(132|169) 0.44255686960290647
(144|25) 0.34980281636600774
(144|49) -0.4672665000480055
(144|73) 0.4077947633436945
(144|86) 0.8600924343383248
(144|101) 0.44255686960290647
(144|169) 0.4255235303041261
(156|25) 0.3893113576496814
(156|73) 0.4077947633436945
(156|86) 0.8600924343383248
(156|101) 0.44255686960290647
(156|169) 0.4589472857910758
(168|49) -0.7963252193122302
(168|86) 0.671036198118276
(168|87) -0.49529522364824907
(168|98) -0.5086591852062304
(168|101) 0.44255686960290647
(169|18) 0.37000620245429483
(169|24) 0.34980281636600774
(169|64) -0.6713864827039303
(169|72) 0.34980281636600774
(169|109) 0.4077947633436945
(169|120) 0.4255235303041261
(169|132) 0.44255686960290647
(169|144) 0.4255235303041261
(169|156) 0.4589472857910758
(169|169) 0.4589472857910758
(169|182) -0.49529522364824907
(180|84) -0.6713864827039303
(180|193) -0.6713864827039303
(181|1) -0.6713864827039303
(181|85) -0.6713864827039303
(181|104) -0.6713864827039303
(181|108) -0.6713864827039303
(181|196) -0.6713864827039303
(182|64) -0.49529522364824907
(182|87) -0.5464477460956303
(182|169) -0.49529522364824907
(183|16) -0.40814504792934886
(183|49) -0.49529522364824907
(183|87) -0.6713864827039303
(183|100) -0.49529522364824907
(183|102) -0.6713864827039303
(183|112) -0.8474777417596115
(183|193) -0.6713864827039303
(184|14) -0.9724164783679115
(184|25) -0.6713864827039303
(184|98) -0.7963252193122302
(184|108) -0.6713864827039303
(184|110) -0.5464477460956303
(184|198) -0.6713864827039303
(185|0) 0.5047047763517509
(185|63) -0.6713864827039303
(185|108) -0.6713864827039303
(192|19) -0.6713864827039303
(192|51) -0.49529522364824907
(192|61) -0.9724164783679115
(192|98) -0.5464477460956303
(192|111) -0.49529522364824907
(193|16) -0.4672665000480055
(193|63) -0.8474777417596115
(193|64) -0.6713864827039303
(193|85) -0.574476469695874
(193|87) -0.49529522364824907
(193|99) -0.49529522364824907
(193|102) -0.6713864827039303
(193|110) -0.49529522364824907
(193|180) -0.6713864827039303
(193|183) -0.6713864827039303
(194|14) -0.6713864827039303
(194|16) 0.44255686960290647
(194|87) -0.44953773308757394
(194|98) -0.6713864827039303
(195|48) -0.49529522364824907
(196|51) -0.6713864827039303
(196|61) -0.6713864827039303
(196|62) -0.6713864827039303
(196|87) -0.8474777417596115
(196|108) -0.49529522364824907
(196|181) -0.6713864827039303
(197|1) -0.6713864827039303
(197|50) -0.6713864827039303
(197|62) -0.6713864827039303
(198|184) -0.6713864827039303
