(0|20) 0.458253749358326
(0|25) 0.30482647493858855
(0|66) 0.5984324525233627
(0|97) 0.31212571368008796
(0|101) 0.26636822311941283
(0|105) -0.3198975010253176
(0|108) 0.5984324525233627
(0|133) 0.5162456963360128
(0|195) 0.39130695972771273
(1|53) -0.3520821843967189
(1|66) -0.5629355497116121
(1|73) 0.34015443728033146
(1|87) 0.26636822311941283
(1|88) -0.4660255367035556
(1|100) -0.6209274966892988
(1|101) 0.5162456963360128
(1|102) -0.38684429065593084
(1|181) -0.3046575344685808
(14|36) -0.416807514033374
(14|49) -0.687874286319912
(14|50) -0.8639655453755933
(14|51) 0.39130695972771273
(14|61) -0.5629355497116121
(14|65) -1.1649955410395745
(14|84) -0.4660255367035556
(14|88) -0.38684429065593084
(14|101) -0.5629355497116121
(14|104) -0.8639655453755933
(14|110) -0.3198975010253176
(14|112) -0.34108680009525566
(14|181) -0.687874286319912
(14|192) -1.1649955410395745
(14|195) -0.5629355497116121
(16|48) -0.44483623763361757
(16|62) -0.4246328515453306
(16|84) -0.4660255367035556
(16|88) -0.687874286319912
(16|98) -0.4489921974047753
(16|99) -0.2996941149370307
(16|102) -0.38684429065593084
(16|105) -0.8639655453755933
(16|110) -0.33248662833333814
(16|113) -0.8639655453755933
(16|181) -0.38684429065593084
(16|193) -0.5436303945162254
(17|48) 0.35788320424076314
(17|53) -0.4246328515453306
(17|73) 0.5753671484546693
(17|97) -0.3198975010253176
(17|100) -0.34108680009525566
(17|101) 0.35351839883831304
(17|102) 0.437064450288388
(17|169) 0.39130695972771273
(17|185) -0.38684429065593084
(18|50) 0.458253749358326
(18|65) 0.458253749358326
(18|100) -0.562935549711612
(18|101) 0.437064450288388
(18|102) 0.458253749358326
(18|108) 0.34015443728033146
(18|171) -0.5629355497116121
(18|198) -0.5629355497116121
(19|48) 0.2821624903026448
(19|49) -0.38684429065593084
(19|98) 0.31212571368008796
(19|102) -0.6421167957592369
(19|109) 0.3664833760026807
(19|183) 0.2821624903026448
(19|184) -0.8639655453755933
(19|192) -0.8639655453755933
(20|0) 0.458253749358326
(20|37) 0.31212571368008796
(20|63) 0.39130695972771273
(20|86) 0.2821624903026448
(20|102) -0.8639655453755933
(20|144) 0.3790725033107012
(20|195) -0.687874286319912
(24|101) 0.35351839883831304
(24|133) 0.6131557093440692
(24|196) 0.39130695972771273
(25|0) 0.30482647493858855
(25|48) 0.437064450288388
(25|49) -0.38684429065593084
(25|51) 0.35351839883831304
(25|53) -0.3198975010253176
(25|64) -0.3198975010253176
(25|84) -0.38684429065593084
(25|86) 0.5510078025952246
(25|88) -0.38684429065593084
(25|98) 0.2821624903026448
(25|100) -0.2996941149370307
(25|112) -0.3198975010253176
(25|120) 0.27591354102564325
(25|121) -0.8639655453755933
(25|185) -0.38684429065593084
(36|14) -0.416807514033374
(36|49) -0.38684429065593084
(36|50) 0.3664833760026807
(36|52) 0.458253749358326
(36|73) 0.3790725033107012
(36|100) -0.38684429065593084
(36|101) 0.3664833760026807
(36|102) -0.2996941149370307
(36|112) -0.37387931349156317
(36|121) -0.5629355497116121
(36|192) -0.38684429065593084
(37|20) 0.31212571368008796
(37|65) 0.2821624903026448
(37|86) 0.45825374935832597
(37|101) 0.3023658763909317
(37|103) 0.458253749358326
(37|105) -0.5629355497116121
(37|112) 0.33331501275002606
(37|113) -0.5629355497116121
(37|133) 0.567398218783394
(48|16) -0.44483623763361757
(48|17) 0.35788320424076314
(48|19) 0.2821624903026448
(48|25) 0.437064450288388
(48|61) 0.31212571368008796
(48|64) 0.2821624903026448
(48|100) -0.33248662833333814
(48|102) 0.39130695972771273
(48|171) -0.5629355497116121
(48|181) -0.3046575344685808
(48|182) 0.35788320424076314
(48|192) -0.38684429065593084
(49|14) -0.687874286319912
(49|19) -0.38684429065593084
(49|25) -0.38684429065593084
(49|36) -0.38684429065593084
(49|61) -0.8639655453755933
(49|66) -0.38684429065593084
(49|84) -0.5629355497116121
(49|86) -0.38684429065593084
(49|97) -0.8639655453755933
(49|101) -0.5629355497116121
(49|102) -0.49598876008099885
(49|108) -0.5629355497116121
(49|111) -0.38684429065593084
(49|112) -0.2996941149370307
(49|121) -0.5629355497116121
(49|133) -0.5629355497116121
(49|168) -0.3410868000952557
(49|182) -0.3520821843967189
(49|183) -0.5629355497116121
(49|195) -0.687874286319912
(50|14) -0.8639655453755933
(50|18) 0.458253749358326
(50|36) 0.3664833760026807
(50|61) -0.38684429065593084
(50|64) -0.5629355497116121
(50|84) -0.38684429065593084
(50|99) -0.3520821843967189
(50|111) 0.2821624903026448
(50|193) 0.34015443728033146
(51|14) 0.39130695972771273
(51|25) 0.35351839883831304
(51|97) 0.34015443728033146
(51|101) 0.49776229064199956
(51|110) -0.307663044608306
(51|111) 0.30482647493858855
(51|112) 0.5162456963360128
(51|169) 0.583192485966626
(52|36) 0.458253749358326
(52|62) -0.4660255367035556
(52|86) 0.437064450288388
(52|100) -0.5629355497116121
(52|111) -0.38684429065593084
(52|112) 0.31212571368008796
(53|1) -0.3520821843967189
(53|17) -0.4246328515453306
(53|25) -0.3198975010253176
(53|64) -0.4660255367035556
(53|84) -0.5629355497116121
(53|88) -0.5629355497116121
(53|100) -0.5629355497116121
(53|104) -0.38684429065593084
(53|112) -0.7670555323675369
(53|182) -0.38684429065593084
(53|193) 0.3664833760026807
(53|195) -0.8639655453755933
(61|14) -0.5629355497116121
(61|48) 0.31212571368008796
(61|49) -0.8639655453755933
(61|50) -0.38684429065593084
(61|87) -0.4379968131033121
(61|99) -0.4303099844370211
(61|103) -0.8639655453755933
(61|112) -0.34108680009525566
(61|181) 0.3664833760026807
(61|183) -0.44483623763361757
(61|195) -0.6421167957592369
(62|16) -0.4246328515453306
(62|52) -0.4660255367035556
(62|88) -0.5629355497116121
(62|98) -0.5329723263341689
(62|102) -0.30766304460830607
(62|108) -0.38684429065593084
(62|109) -0.3198975010253176
(62|184) -0.34108680009525566
(63|20) 0.39130695972771273
(63|73) 0.3491092799332579
(63|86) 0.3664833760026807
(63|88) -0.38684429065593084
(63|98) 0.44778831568016103
(63|100) -0.31989750102531767
(63|101) 0.35351839883831304
(63|105) -0.5629355497116121
(63|109) 0.39130695972771273
(63|182) 0.4297652115468885
(63|183) 0.3263661527946982
(63|192) -0.4246328515453306
(63|195) 0.39130695972771273
(64|25) -0.3198975010253176
(64|48) 0.2821624903026448
(64|50) -0.5629355497116121
(64|53) -0.4660255367035556
(64|73) 0.567398218783394
(64|84) -0.7390268087672933
(64|87) 0.39130695972771273
(64|99) 0.31212571368008796
(64|100) -0.687874286319912
(64|105) -0.5629355497116121
(64|108) -0.38684429065593084
(64|113) -0.8639655453755933
(64|182) -0.3520821843967189
(64|193) -0.34108680009525566
(65|14) -1.1649955410395745
(65|18) 0.458253749358326
(65|37) 0.2821624903026448
(65|97) -0.38684429065593084
(65|98) 0.2821624903026448
(65|104) -0.5629355497116121
(65|171) -0.38684429065593084
(66|0) 0.5984324525233627
(66|1) -0.5629355497116121
(66|49) -0.38684429065593084
(66|73) 0.3664833760026807
(66|85) -0.49598876008099885
(66|100) -0.5629355497116121
(66|102) -0.38684429065593084
(66|110) -0.38684429065593084
(66|171) -0.5629355497116121
(66|181) -0.3198975010253176
(72|88) -0.31989750102531767
(72|100) -0.31989750102531767
(72|133) 0.49776229064199956
(73|1) 0.34015443728033146
(73|17) 0.5753671484546693
(73|36) 0.3790725033107012
(73|63) 0.3491092799332579
(73|64) 0.567398218783394
(73|66) 0.3664833760026807
(73|86) 0.40710122691094475
(73|98) 0.26636822311941283
(73|101) 0.5984324525233627
(73|109) 0.2974024568593816
(73|111) 0.49776229064199956
(73|112) 0.583192485966626
(73|113) -0.38684429065593084
(73|182) 0.3310110578404618
(73|192) 0.34015443728033146
(73|194) 0.3664833760026806
(84|14) -0.4660255367035556
(84|16) -0.4660255367035556
(84|25) -0.38684429065593084
(84|49) -0.5629355497116121
(84|50) -0.38684429065593084
(84|53) -0.5629355497116121
(84|64) -0.7390268087672933
(84|99) -0.3198975010253176
(84|100) -0.7390268087672933
(84|105) -0.5629355497116121
(84|108) -0.5629355497116121
(84|111) 0.2821624903026448
(84|112) -0.4660255367035556
(84|113) -0.5629355497116121
(84|181) -0.2996941149370307
(84|184) -0.38684429065593084
(84|192) -0.687874286319912
(85|66) -0.49598876008099885
(85|97) -0.3198975010253176
(85|100) -0.38684429065593084
(85|169) 0.39130695972771273
(85|198) -0.8639655453755933
(86|20) 0.2821624903026448
(86|25) 0.5510078025952246
(86|37) 0.45825374935832597
(86|49) -0.38684429065593084
(86|52) 0.437064450288388
(86|63) 0.3664833760026807
(86|73) 0.40710122691094475
(86|109) 0.5984324525233627
(86|184) 0.6273961484586794
(86|185) -0.38684429065593084
(87|1) 0.26636822311941283
(87|61) -0.4379968131033121
(87|64) 0.39130695972771273
(87|181) 0.31212571368008796
(87|182) 0.49776229064199956
(88|1) -0.4660255367035556
(88|14) -0.38684429065593084
(88|16) -0.687874286319912
(88|25) -0.38684429065593084
(88|53) -0.5629355497116121
(88|62) -0.5629355497116121
(88|63) -0.38684429065593084
(88|72) -0.31989750102531767
(88|100) -1.1649955410395745
(88|104) -0.8639655453755933
(88|109) -0.38684429065593084
(88|110) -0.38684429065593084
(88|112) -0.5629355497116121
(88|168) -0.34108680009525566
(88|184) -0.5117830272642309
(88|193) -0.6598455627196685
(88|194) 0.41478805557723575
(88|196) -0.8639655453755933
(97|0) 0.31212571368008796
(97|17) -0.3198975010253176
(97|49) -0.8639655453755933
(97|51) 0.34015443728033146
(97|65) -0.38684429065593084
(97|85) -0.3198975010253176
(97|110) -0.38684429065593084
(97|194) -0.38684429065593084
(98|16) -0.4489921974047753
(98|19) 0.31212571368008796
(98|25) 0.2821624903026448
(98|62) -0.5329723263341689
(98|63) 0.44778831568016103
(98|65) 0.2821624903026448
(98|73) 0.26636822311941283
(98|193) -0.3410868000952557
(99|16) -0.2996941149370307
(99|50) -0.3520821843967189
(99|61) -0.4303099844370211
(99|64) 0.31212571368008796
(99|84) -0.3198975010253176
(99|182) 0.3263661527946982
(100|1) -0.6209274966892988
(100|17) -0.34108680009525566
(100|18) -0.562935549711612
(100|25) -0.2996941149370307
(100|36) -0.38684429065593084
(100|48) -0.33248662833333814
(100|52) -0.5629355497116121
(100|53) -0.5629355497116121
(100|63) -0.31989750102531767
(100|64) -0.687874286319912
(100|66) -0.5629355497116121
(100|72) -0.31989750102531767
(100|84) -0.7390268087672933
(100|85) -0.38684429065593084
(100|88) -1.1649955410395745
(100|109) 0.34015443728033146
(100|110) -0.4786146640115761
(100|112) -0.8639655453755933
(100|132) -0.2996941149370307
(100|171) -0.8639655453755933
(100|181) -1.0100935810538312
(100|192) -0.4660255367035556
(100|193) -0.5049436027339254
(100|196) -0.8639655453755933
(101|0) 0.26636822311941283
(101|1) 0.5162456963360128
(101|14) -0.5629355497116121
(101|17) 0.35351839883831304
(101|18) 0.437064450288388
(101|24) 0.35351839883831304
(101|36) 0.3664833760026807
(101|37) 0.3023658763909317
(101|49) -0.5629355497116121
(101|51) 0.49776229064199956
(101|63) 0.35351839883831304
(101|73) 0.5984324525233627
(101|101) 0.32915905297886827
(101|110) 0.458253749358326
(101|120) 0.4204651884689262
(101|121) -0.8639655453755933
(101|132) 0.4032061830274205
(101|144) 0.31212571368008796
(101|156) 0.32915905297886827
(101|193) 0.437064450288388
(102|1) -0.38684429065593084
(102|16) -0.38684429065593084
(102|17) 0.437064450288388
(102|18) 0.458253749358326
(102|19) -0.6421167957592369
(102|20) -0.8639655453755933
(102|36) -0.2996941149370307
(102|48) 0.39130695972771273
(102|49) -0.49598876008099885
(102|62) -0.30766304460830607
(102|66) -0.38684429065593084
(102|110) -0.38684429065593084
(102|145) -0.38684429065593084
(102|182) -0.3198975010253176
(102|184) -0.3198975010253176
(102|195) -0.8639655453755933
(103|37) 0.458253749358326
(103|61) -0.8639655453755933
(103|181) -0.38684429065593084
(103|192) -0.4660255367035556
(104|14) -0.8639655453755933
(104|53) -0.38684429065593084
(104|65) -0.5629355497116121
(104|88) -0.8639655453755933
(104|112) -0.3198975010253176
(104|192) -0.38684429065593084
(105|0) -0.3198975010253176
(105|16) -0.8639655453755933
(105|37) -0.5629355497116121
(105|63) -0.5629355497116121
(105|64) -0.5629355497116121
(105|84) -0.5629355497116121
(105|132) -0.3198975010253176
(105|168) -0.38684429065593084
(105|182) -0.5629355497116121
(105|183) -0.5629355497116121
(105|193) -0.38684429065593084
(108|0) 0.5984324525233627
(108|18) 0.34015443728033146
(108|49) -0.5629355497116121
(108|62) -0.38684429065593084
(108|64) -0.38684429065593084
(108|84) -0.5629355497116121
(109|19) 0.3664833760026807
(109|62) -0.3198975010253176
(109|63) 0.39130695972771273
(109|73) 0.2974024568593816
(109|86) 0.5984324525233627
(109|88) -0.38684429065593084
(109|100) 0.34015443728033146
(109|193) -0.33248662833333814
(109|198) -0.38684429065593084
(110|14) -0.3198975010253176
(110|16) -0.33248662833333814
(110|51) -0.307663044608306
(110|66) -0.38684429065593084
(110|88) -0.38684429065593084
(110|97) -0.38684429065593084
(110|100) -0.4786146640115761
(110|101) 0.458253749358326
(110|102) -0.38684429065593084
(110|145) -0.38684429065593084
(110|171) -0.8639655453755933
(110|181) -0.2996941149370307
(110|192) -0.687874286319912
(111|49) -0.38684429065593084
(111|50) 0.2821624903026448
(111|51) 0.30482647493858855
(111|52) -0.38684429065593084
(111|73) 0.49776229064199956
(111|84) 0.2821624903026448
(111|181) 0.2821624903026448
(111|182) 0.3216710315863183
(112|14) -0.34108680009525566
(112|25) -0.3198975010253176
(112|36) -0.37387931349156317
(112|37) 0.33331501275002606
(112|49) -0.2996941149370307
(112|51) 0.5162456963360128
(112|52) 0.31212571368008796
(112|53) -0.7670555323675369
(112|61) -0.34108680009525566
(112|73) 0.583192485966626
(112|84) -0.4660255367035556
(112|88) -0.5629355497116121
(112|100) -0.8639655453755933
(112|104) -0.3198975010253176
(112|183) 0.31212571368008796
(112|192) -0.38684429065593084
(113|16) -0.8639655453755933
(113|37) -0.5629355497116121
(113|64) -0.8639655453755933
(113|73) -0.38684429065593084
(113|84) -0.5629355497116121
(120|25) 0.27591354102564325
(120|101) 0.4204651884689262
(120|133) 0.5162456963360128
(120|145) 0.34015443728033146
(120|196) 0.41478805557723575
(121|25) -0.8639655453755933
(121|36) -0.5629355497116121
(121|49) -0.5629355497116121
(121|101) -0.8639655453755933
(121|121) 0.34015443728033146
(121|144) 0.34015443728033146
(121|156) 0.34015443728033146
(132|100) -0.2996941149370307
(132|101) 0.4032061830274205
(132|105) -0.3198975010253176
(132|145) 0.34015443728033146
(133|0) 0.5162456963360128
(133|24) 0.6131557093440692
(133|37) 0.567398218783394
(133|49) -0.5629355497116121
(133|72) 0.49776229064199956
(133|120) 0.5162456963360128
(133|133) 0.3664833760026807
(133|144) 0.3664833760026807
(133|156) 0.3664833760026807
(133|168) 0.5510078025952246
(133|194) 0.2821624903026448
(133|196) -0.8639655453755933
(144|20) 0.3790725033107012
(144|101) 0.31212571368008796
(144|121) 0.34015443728033146
(144|133) 0.3664833760026807
(144|196) 0.39130695972771273
(145|102) -0.38684429065593084
(145|110) -0.38684429065593084
(145|120) 0.34015443728033146
(145|132) 0.34015443728033146
(145|145) 0.34015443728033146
(145|156) 0.34015443728033146
(145|182) -0.5629355497116121
(156|101) 0.32915905297886827
(156|121) 0.34015443728033146
(156|133) 0.3664833760026807
(156|145) 0.34015443728033146
(156|196) 0.41478805557723575
(168|49) -0.3410868000952557
(168|88) -0.34108680009525566
(168|105) -0.38684429065593084
(168|133) 0.5510078025952246
(169|17) 0.39130695972771273
(169|51) 0.583192485966626
(169|85) 0.39130695972771273
(169|182) 0.567398218783394
(169|194) 0.42606906598692473
(169|198) -0.38684429065593084
(171|18) -0.5629355497116121
(171|48) -0.5629355497116121
(171|65) -0.38684429065593084
(171|66) -0.5629355497116121
(171|100) -0.8639655453755933
(171|110) -0.8639655453755933
(171|181) -0.38684429065593084
(181|1) -0.3046575344685808
(181|14) -0.687874286319912
(181|16) -0.38684429065593084
(181|48) -0.3046575344685808
(181|61) 0.3664833760026807
(181|66) -0.3198975010253176
(181|84) -0.2996941149370307
(181|87) 0.31212571368008796
(181|100) -1.0100935810538312
(181|103) -0.38684429065593084
(181|110) -0.2996941149370307
(181|111) 0.2821624903026448
(181|171) -0.38684429065593084
(181|192) -0.6086930402722872
(182|48) 0.35788320424076314
(182|49) -0.3520821843967189
(182|53) -0.38684429065593084
(182|63) 0.4297652115468885
(182|64) -0.3520821843967189
(182|73) 0.3310110578404618
(182|87) 0.49776229064199956
(182|99) 0.3263661527946982
(182|102) -0.3198975010253176
(182|105) -0.5629355497116121
(182|111) 0.3216710315863183
(182|145) -0.5629355497116121
(182|169) 0.567398218783394
(182|192) 0.41478805557723575
(183|19) 0.2821624903026448
(183|49) -0.5629355497116121
(183|61) -0.44483623763361757
(183|63) 0.3263661527946982
(183|105) -0.5629355497116121
(183|112) 0.31212571368008796
(184|19) -0.8639655453755933
(184|62) -0.34108680009525566
(184|84) -0.38684429065593084
(184|86) 0.6273961484586794
(184|88) -0.5117830272642309
(184|102) -0.3198975010253176
(184|193) -0.40532769634994403
(185|17) -0.38684429065593084
(185|25) -0.38684429065593084
(185|86) -0.38684429065593084
(185|193) -0.38684429065593084
(192|14) -1.1649955410395745
(192|19) -0.8639655453755933
(192|36) -0.38684429065593084
(192|48) -0.38684429065593084
(192|63) -0.4246328515453306
(192|73) 0.34015443728033146
(192|84) -0.687874286319912
(192|100) -0.4660255367035556
(192|103) -0.4660255367035556
(192|104) -0.38684429065593084
(192|110) -0.687874286319912
(192|112) -0.38684429065593084
(192|181) -0.6086930402722872
(192|182) 0.41478805557723575
(193|16) -0.5436303945162254
(193|50) 0.34015443728033146
(193|53) 0.3664833760026807
(193|64) -0.34108680009525566
(193|88) -0.6598455627196685
(193|98) -0.3410868000952557
(193|100) -0.5049436027339254
(193|101) 0.437064450288388
(193|105) -0.38684429065593084
(193|109) -0.33248662833333814
(193|184) -0.40532769634994403
(193|185) -0.38684429065593084
(194|73) 0.3664833760026806
(194|88) 0.41478805557723575
(194|97) -0.38684429065593084
(194|133) 0.2821624903026448
(194|169) 0.42606906598692473
(195|0) 0.39130695972771273
(195|14) -0.5629355497116121
(195|20) -0.687874286319912
(195|49) -0.687874286319912
(195|53) -0.8639655453755933
(195|61) -0.6421167957592369
(195|63) 0.39130695972771273
(195|102) -0.8639655453755933
(196|24) 0.39130695972771273
(196|88) -0.8639655453755933
(196|100) -0.8639655453755933
(196|120) 0.41478805557723575
(196|133) -0.8639655453755933
(196|144) 0.39130695972771273
(196|156) 0.41478805557723575
(196|196) 0.41478805557723575
(198|18) -0.5629355497116121
(198|85) -0.8639655453755933
(198|109) -0.38684429065593084
(198|169) -0.38684429065593084
