(0|18) 0.8964186656113674
(0|20) -0.6833649310054427
(0|113) -0.6833649310054427
(0|169) -0.5584261943971428
(0|185) -0.479244948349518
(1|15) 0.5719075740978633
(1|36) 0.4627631046727953
(1|86) 0.7316084169653753
(1|87) -0.5584261943971428
(1|98) 0.5207550516504821
(15|1) 0.5719075740978633
(15|61) -0.5072736719497615
(15|87) -0.5584261943971428
(15|98) 0.5207550516504821
(15|182) -0.479244948349518
(15|192) 0.4627631046727953
(15|193) -0.6833649310054428
(17|52) -0.5584261943971428
(17|86) 0.4627631046727953
(17|88) -0.984394926669424
(18|0) 0.8964186656113674
(18|60) 0.8729375697618446
(18|87) 0.4627631046727953
(18|110) 0.5719075740978633
(18|168) 0.520755051650482
(18|183) 0.5207550516504821
(18|193) 0.4627631046727953
(20|0) -0.6833649310054427
(20|20) -0.859456190061124
(20|24) -0.6833649310054427
(20|36) -0.6833649310054427
(20|48) -0.859456190061124
(20|72) -0.6833649310054427
(20|97) -0.6833649310054427
(20|120) -0.859456190061124
(20|132) -0.859456190061124
(20|144) -0.859456190061124
(20|156) -0.859456190061124
(20|169) -0.6833649310054427
(24|20) -0.6833649310054427
(24|98) 0.49272632805023847
(24|113) -0.6833649310054427
(25|168) 0.6968463107061632
(25|169) -0.6833649310054427
(25|194) 0.4627631046727953
(36|1) 0.4627631046727953
(36|20) -0.6833649310054427
(36|61) -0.5072736719497615
(36|86) 0.9398843593924577
(36|88) -0.5584261943971428
(36|97) -0.5584261943971428
(36|169) -0.6833649310054428
(36|185) -0.984394926669424
(36|197) -0.6833649310054427
(37|60) 0.7637931003367765
(37|98) 0.6176650646585384
(37|113) -0.6833649310054427
(48|20) -0.859456190061124
(48|63) -0.9264029796917371
(48|112) 0.4627631046727953
(49|86) 0.5207550516504821
(49|184) -0.6833649310054427
(50|102) -0.6833649310054427
(52|17) -0.5584261943971428
(52|73) -0.6833649310054427
(52|194) -0.5072736719497615
(53|185) -0.6833649310054427
(60|18) 0.8729375697618446
(60|37) 0.7637931003367765
(60|86) 0.8729375697618446
(60|99) 0.5207550516504821
(60|183) 0.6176650646585384
(60|184) 0.4627631046727953
(61|15) -0.5072736719497615
(61|36) -0.5072736719497615
(61|87) -0.5072736719497615
(61|197) -0.6833649310054427
(62|97) -0.6833649310054427
(62|102) -0.859456190061124
(62|182) -0.984394926669424
(63|48) -0.9264029796917371
(63|73) -0.6833649310054427
(63|87) -0.859456190061124
(63|88) -0.6833649310054427
(63|99) -0.6833649310054427
(63|111) -0.859456190061124
(63|193) -0.859456190061124
(72|20) -0.6833649310054427
(72|113) -0.6833649310054427
(72|192) 0.5207550516504821
(73|52) -0.6833649310054427
(73|63) -0.6833649310054427
(73|97) -0.6833649310054427
(86|1) 0.7316084169653753
(86|17) 0.4627631046727953
(86|36) 0.9398843593924577
(86|49) 0.5207550516504821
(86|60) 0.8729375697618446
(86|184) 0.6176650646585384
(86|192) 0.5207550516504821
(86|194) 0.7316084169653753
(87|1) -0.5584261943971428
(87|15) -0.5584261943971428
(87|18) 0.4627631046727953
(87|61) -0.5072736719497615
(87|63) -0.859456190061124
(87|99) -0.479244948349518
(87|101) -0.5584261943971428
(87|112) -0.859456190061124
(87|182) -0.5072736719497615
(87|193) -0.859456190061124
(88|17) -0.984394926669424
(88|36) -0.5584261943971428
(88|63) -0.6833649310054427
(88|97) -0.49147940476652957
(88|100) -0.6833649310054427
(88|169) -0.6833649310054428
(88|185) -1.0813049396774803
(88|194) -0.625372984027756
(97|20) -0.6833649310054427
(97|36) -0.5584261943971428
(97|62) -0.6833649310054427
(97|73) -0.6833649310054427
(97|88) -0.49147940476652957
(97|184) -0.6833649310054427
(97|185) -0.984394926669424
(97|194) -0.6041836849578179
(98|1) 0.5207550516504821
(98|15) 0.5207550516504821
(98|24) 0.49272632805023847
(98|37) 0.6176650646585384
(98|168) 0.7637931003367765
(99|60) 0.5207550516504821
(99|63) -0.6833649310054427
(99|87) -0.479244948349518
(100|88) -0.6833649310054427
(100|111) -0.6833649310054427
(100|182) -0.859456190061124
(100|194) -0.6833649310054427
(101|87) -0.5584261943971428
(101|194) -0.6833649310054427
(102|50) -0.6833649310054427
(102|62) -0.859456190061124
(102|182) -0.6833649310054427
(102|193) -0.5072736719497615
(102|194) 0.6176650646585384
(108|185) -0.6833649310054427
(109|169) -0.5584261943971428
(110|18) 0.5719075740978633
(110|169) -0.6833649310054427
(111|63) -0.859456190061124
(111|100) -0.6833649310054427
(112|48) 0.4627631046727953
(112|87) -0.859456190061124
(113|0) -0.6833649310054427
(113|24) -0.6833649310054427
(113|37) -0.6833649310054427
(113|72) -0.6833649310054427
(113|113) -0.6833649310054427
(113|120) -0.6833649310054427
(113|132) -0.6833649310054427
(113|144) -0.6833649310054427
(113|156) -0.6833649310054427
(113|168) -0.6833649310054427
(120|20) -0.859456190061124
(120|113) -0.6833649310054427
(120|185) -0.5584261943971428
(120|192) 0.5207550516504821
(132|20) -0.859456190061124
(132|113) -0.6833649310054427
(132|192) 0.5207550516504821
(144|20) -0.859456190061124
(144|113) -0.6833649310054427
(144|192) 0.5207550516504821
(156|20) -0.859456190061124
(156|113) -0.6833649310054427
(156|192) 0.5719075740978633
(168|18) 0.520755051650482
(168|25) 0.6968463107061632
(168|98) 0.7637931003367765
(168|113) -0.6833649310054427
(168|192) 0.5719075740978633
(169|0) -0.5584261943971428
(169|20) -0.6833649310054427
(169|25) -0.6833649310054427
(169|36) -0.6833649310054428
(169|88) -0.6833649310054428
(169|109) -0.5584261943971428
(169|110) -0.6833649310054427
(169|194) -0.6833649310054427
(181|193) -0.5584261943971428
(182|15) -0.479244948349518
(182|62) -0.984394926669424
(182|87) -0.5072736719497615
(182|100) -0.859456190061124
(182|102) -0.6833649310054427
(182|193) -0.5072736719497615
(183|18) 0.5207550516504821
(183|60) 0.6176650646585384
(183|193) 0.4627631046727953
(184|49) -0.6833649310054427
(184|60) 0.4627631046727953
(184|86) 0.6176650646585384
(184|97) -0.6833649310054427
(184|193) -0.5584261943971428
(185|0) -0.479244948349518
(185|36) -0.984394926669424
(185|53) -0.6833649310054427
(185|88) -1.0813049396774803
(185|97) -0.984394926669424
(185|108) -0.6833649310054427
(185|120) -0.5584261943971428
(192|15) 0.4627631046727953
(192|72) 0.5207550516504821
(192|86) 0.5207550516504821
(192|120) 0.5207550516504821
(192|132) 0.5207550516504821
(192|144) 0.5207550516504821
(192|156) 0.5719075740978633
(192|168) 0.5719075740978633
(192|192) 0.5719075740978633
(193|15) -0.6833649310054428
(193|18) 0.4627631046727953
(193|63) -0.859456190061124
(193|87) -0.859456190061124
(193|102) -0.5072736719497615
(193|181) -0.5584261943971428
(193|182) -0.5072736719497615
(193|183) 0.4627631046727953
(193|184) -0.5584261943971428
(194|25) 0.4627631046727953
(194|52) -0.5072736719497615
(194|86) 0.7316084169653753
(194|88) -0.625372984027756
(194|97) -0.6041836849578179
(194|100) -0.6833649310054427
(194|101) -0.6833649310054427
(194|102) 0.6176650646585384
(194|169) -0.6833649310054427
(197|36) -0.6833649310054427
(197|61) -0.6833649310054427
