(0|20) -0.7729871647836365
(0|64) 0.49807960750290153
(0|102) 0.39334425698288855
(0|111) 0.36898491112344384
(0|169) -0.7449584411833929
(0|170) -0.6480484281753365
(0|192) 0.35195157182466347
(0|195) 0.5824004932029374
(0|199) -0.6480484281753365
(1|14) -0.6480484281753365
(1|18) -0.5389039587502684
(1|36) -0.7729871647836365
(1|52) -0.9490784238393177
(1|53) -0.9490784238393177
(1|108) -0.6480484281753365
(1|181) -0.4261996785589801
(14|1) -0.6480484281753365
(14|24) -0.40501037948904206
(14|36) -0.6480484281753365
(14|48) -0.47195716911965524
(14|52) -0.6480484281753365
(14|62) -0.47195716911965524
(14|73) -0.6480484281753365
(14|88) -0.6480484281753365
(14|101) -0.8241396872310177
(14|109) -0.6480484281753365
(14|182) -0.6480484281753365
(14|184) -0.6480484281753365
(14|193) -0.47195716911965524
(16|101) -0.47195716911965524
(17|37) 0.995404248310851
(17|49) -0.38480699340075514
(17|64) 0.49807960750290153
(17|66) -0.6480484281753365
(17|86) 0.41264941217827517
(17|87) -0.37920311588275657
(17|97) -0.6480484281753365
(17|99) 0.5280428308803446
(17|100) -0.40501037948904206
(17|101) 0.6307051727774925
(17|105) -0.6480484281753365
(17|108) -0.9490784238393177
(17|109) 0.35195157182466347
(17|113) -0.6480484281753365
(17|169) -0.7729871647836365
(17|182) 0.35195157182466347
(17|184) 0.35195157182466347
(18|1) -0.5389039587502684
(18|49) 0.46589492413150024
(18|52) -0.6480484281753365
(18|61) 0.39334425698288855
(18|73) 0.5280428308803446
(18|101) 0.49807960750290153
(18|197) -0.9490784238393177
(19|62) -0.4261996785589801
(19|63) 0.49807960750290153
(19|98) -0.4261996785589801
(19|133) -0.6480484281753365
(19|183) 0.35195157182466347
(20|0) -0.7729871647836365
(20|20) -0.5231096915670366
(20|24) -0.5231096915670366
(20|36) -0.8241396872310177
(20|48) -1.1251696828949989
(20|63) -0.47195716911965524
(20|64) -0.6480484281753365
(20|65) -0.9490784238393177
(20|66) -0.6480484281753365
(20|72) -0.6480484281753365
(20|87) -0.5511384151672801
(20|97) -0.9490784238393177
(20|98) -0.5231096915670366
(20|108) -0.9490784238393177
(20|110) -0.6480484281753365
(20|120) -0.5231096915670366
(20|132) -0.5231096915670366
(20|144) -0.5231096915670366
(20|156) -0.5231096915670366
(20|168) -0.40501037948904206
(20|169) -0.6480484281753365
(20|181) -0.47195716911965524
(20|184) -1.1251696828949989
(20|194) -0.47195716911965524
(20|195) -0.6480484281753365
(24|14) -0.40501037948904206
(24|20) -0.5231096915670366
(24|64) 0.49807960750290153
(24|65) -0.38480699340075514
(24|97) -0.40501037948904206
(24|169) -0.7272296742229613
(24|192) 0.4488615848327199
(36|1) -0.7729871647836365
(36|14) -0.6480484281753365
(36|20) -0.8241396872310177
(36|49) -0.4931464681895934
(36|52) 0.49807960750290153
(36|64) 0.6072240769279695
(36|100) -0.4439284455194118
(36|108) -0.6480484281753365
(36|113) -0.6480484281753365
(36|169) -0.869897177791693
(36|183) -0.36929482722250756
(36|199) -0.6480484281753365
(37|17) 0.995404248310851
(37|49) 0.6943742526468697
(37|52) -0.5019203924970985
(37|63) 0.33422280486423184
(37|64) 0.49807960750290153
(37|86) 0.32712798809963134
(37|97) -0.9490784238393177
(37|101) 0.5694355160385697
(37|111) 1.0147094035062376
(48|14) -0.47195716911965524
(48|20) -1.1251696828949989
(48|102) 0.5560715544805882
(48|105) -0.6480484281753365
(48|133) 0.35195157182466347
(48|169) -0.6480484281753365
(49|17) -0.38480699340075514
(49|18) 0.46589492413150024
(49|36) -0.4931464681895934
(49|37) 0.6943742526468697
(49|62) -0.6480484281753365
(49|86) 0.6072240769279695
(49|98) -0.6480484281753365
(49|101) 0.35195157182466347
(49|108) -0.9490784238393177
(49|169) -0.9490784238393177
(49|181) -0.4261996785589801
(49|183) -0.40501037948904206
(50|64) 0.35195157182466347
(50|65) -0.6480484281753365
(50|86) 0.3409561875232003
(50|99) 0.35195157182466347
(50|133) -0.6480484281753365
(50|183) 0.6307051727774925
(50|194) 0.43113281787228835
(52|1) -0.9490784238393177
(52|14) -0.6480484281753365
(52|18) -0.6480484281753365
(52|36) 0.49807960750290153
(52|37) -0.5019203924970985
(52|63) -0.4261996785589801
(52|86) -0.7729871647836365
(52|184) -0.6480484281753365
(52|192) -0.6480484281753365
(52|198) -0.6480484281753365
(53|1) -0.9490784238393177
(53|61) -0.6480484281753365
(53|99) -0.47195716911965524
(53|110) -0.6480484281753365
(53|184) -0.9490784238393177
(53|193) -0.47195716911965524
(61|18) 0.39334425698288855
(61|53) -0.6480484281753365
(61|111) 0.6072240769279695
(61|112) -0.5231096915670366
(62|14) -0.47195716911965524
(62|19) -0.4261996785589801
(62|49) -0.6480484281753365
(62|100) -0.5511384151672801
(62|101) 0.39334425698288855
(62|105) -0.6480484281753365
(62|113) -0.6480484281753365
(62|169) -0.6480484281753365
(62|183) -0.3750471561115989
(63|19) 0.49807960750290153
(63|20) -0.47195716911965524
(63|37) 0.33422280486423184
(63|52) -0.4261996785589801
(63|98) -0.4931464681895934
(63|108) -0.8241396872310177
(63|169) -0.9490784238393177
(63|181) -0.3927759230720304
(64|0) 0.49807960750290153
(64|17) 0.49807960750290153
(64|20) -0.6480484281753365
(64|24) 0.49807960750290153
(64|36) 0.6072240769279695
(64|37) 0.49807960750290153
(64|50) 0.35195157182466347
(64|64) 0.5560715544805882
(64|72) 0.4822853403196696
(64|87) 0.43113281787228835
(64|88) -0.6480484281753365
(64|98) 0.35195157182466347
(64|120) 0.5560715544805882
(64|132) 0.5422832699949549
(64|144) 0.5422832699949549
(64|156) 0.5560715544805882
(64|168) 0.7991096031668827
(64|194) 0.5280428308803446
(65|20) -0.9490784238393177
(65|24) -0.38480699340075514
(65|50) -0.6480484281753365
(65|72) -0.4439284455194118
(65|97) -0.6480484281753365
(65|100) -0.6480484281753365
(65|111) -0.9490784238393177
(65|112) -0.6480484281753365
(65|132) -0.38480699340075514
(65|183) -1.1251696828949989
(65|193) -0.4261996785589801
(65|199) -0.6480484281753365
(66|17) -0.6480484281753365
(66|20) -0.6480484281753365
(66|111) -0.6480484281753365
(66|181) -0.6480484281753365
(66|194) -0.47195716911965524
(67|86) -0.6480484281753365
(67|98) -0.6480484281753365
(67|110) -0.6480484281753365
(67|144) -0.6480484281753365
(72|20) -0.6480484281753365
(72|64) 0.4822853403196696
(72|65) -0.4439284455194118
(72|97) -0.40501037948904206
(72|102) 0.4488615848327199
(72|108) -0.4261996785589801
(72|169) -0.5811016385447233
(72|182) 0.34317764751715835
(72|192) 0.41264941217827517
(73|14) -0.6480484281753365
(73|18) 0.5280428308803446
(73|100) -0.47195716911965524
(73|112) -0.5231096915670366
(73|183) 0.39334425698288855
(73|184) 0.35195157182466347
(86|17) 0.41264941217827517
(86|37) 0.32712798809963134
(86|49) 0.6072240769279695
(86|50) 0.3409561875232003
(86|52) -0.7729871647836365
(86|67) -0.6480484281753365
(86|97) -0.9490784238393177
(86|102) 0.5824004932029374
(86|109) 0.6741708665585827
(86|195) 0.39334425698288855
(87|17) -0.37920311588275657
(87|20) -0.5511384151672801
(87|64) 0.43113281787228835
(87|99) 0.35195157182466347
(87|108) -0.5231096915670366
(87|111) 0.5280428308803446
(87|169) -0.40501037948904206
(87|182) 0.35195157182466347
(87|197) -0.6480484281753365
(88|14) -0.6480484281753365
(88|64) -0.6480484281753365
(88|184) -0.6480484281753365
(97|17) -0.6480484281753365
(97|20) -0.9490784238393177
(97|24) -0.40501037948904206
(97|37) -0.9490784238393177
(97|65) -0.6480484281753365
(97|72) -0.40501037948904206
(97|86) -0.9490784238393177
(97|181) -0.47195716911965524
(97|183) -0.6480484281753365
(97|194) -0.6480484281753365
(98|19) -0.4261996785589801
(98|20) -0.5231096915670366
(98|49) -0.6480484281753365
(98|63) -0.4931464681895934
(98|64) 0.35195157182466347
(98|67) -0.6480484281753365
(98|169) -0.6480484281753365
(98|181) -0.40501037948904206
(98|184) -0.38480699340075514
(98|197) -0.6480484281753365
(99|17) 0.5280428308803446
(99|50) 0.35195157182466347
(99|53) -0.47195716911965524
(99|87) 0.35195157182466347
(99|111) 0.6741708665585827
(99|181) 0.5560715544805882
(99|182) 0.6307051727774925
(99|194) 0.6307051727774925
(100|17) -0.40501037948904206
(100|36) -0.4439284455194118
(100|62) -0.5511384151672801
(100|65) -0.6480484281753365
(100|73) -0.47195716911965524
(100|108) -0.6480484281753365
(100|169) -0.6480484281753365
(100|182) 0.35195157182466347
(101|14) -0.8241396872310177
(101|16) -0.47195716911965524
(101|17) 0.6307051727774925
(101|18) 0.49807960750290153
(101|37) 0.5694355160385697
(101|49) 0.35195157182466347
(101|62) 0.39334425698288855
(101|183) 0.49807960750290153
(101|192) 0.39334425698288855
(102|0) 0.39334425698288855
(102|48) 0.5560715544805882
(102|72) 0.4488615848327199
(102|86) 0.5824004932029374
(102|112) 0.35195157182466347
(105|17) -0.6480484281753365
(105|48) -0.6480484281753365
(105|62) -0.6480484281753365
(108|1) -0.6480484281753365
(108|17) -0.9490784238393177
(108|20) -0.9490784238393177
(108|36) -0.6480484281753365
(108|49) -0.9490784238393177
(108|63) -0.8241396872310177
(108|72) -0.4261996785589801
(108|87) -0.5231096915670366
(108|100) -0.6480484281753365
(108|169) -1.250108419503299
(108|184) -0.5511384151672801
(108|194) -0.47195716911965524
(109|14) -0.6480484281753365
(109|17) 0.35195157182466347
(109|86) 0.6741708665585827
(109|183) 0.5560715544805882
(109|194) 0.5560715544805882
(109|197) -0.47195716911965524
(110|20) -0.6480484281753365
(110|53) -0.6480484281753365
(110|67) -0.6480484281753365
(110|169) -0.6480484281753365
(110|170) -0.6480484281753365
(110|181) -0.5811016385447233
(110|195) -0.47195716911965524
(111|0) 0.36898491112344384
(111|37) 1.0147094035062376
(111|61) 0.6072240769279695
(111|65) -0.9490784238393177
(111|66) -0.6480484281753365
(111|87) 0.5280428308803446
(111|99) 0.6741708665585827
(112|61) -0.5231096915670366
(112|65) -0.6480484281753365
(112|73) -0.5231096915670366
(112|102) 0.35195157182466347
(112|183) -0.5019203924970985
(113|17) -0.6480484281753365
(113|36) -0.6480484281753365
(113|62) -0.6480484281753365
(113|181) -0.6480484281753365
(120|20) -0.5231096915670366
(120|64) 0.5560715544805882
(120|169) -0.5811016385447233
(120|192) 0.4488615848327199
(120|195) 0.3296751771135113
(132|20) -0.5231096915670366
(132|64) 0.5422832699949549
(132|65) -0.38480699340075514
(132|169) -0.5811016385447233
(132|192) 0.4488615848327199
(132|195) 0.3296751771135113
(133|19) -0.6480484281753365
(133|48) 0.35195157182466347
(133|50) -0.6480484281753365
(133|182) -0.6480484281753365
(144|20) -0.5231096915670366
(144|64) 0.5422832699949549
(144|67) -0.6480484281753365
(144|169) -0.5811016385447233
(144|192) 0.4488615848327199
(156|20) -0.5231096915670366
(156|64) 0.5560715544805882
(156|169) -0.5811016385447233
(156|192) 0.4488615848327199
(156|195) 0.3296751771135113
(168|20) -0.40501037948904206
(168|64) 0.7991096031668827
(168|192) 0.4488615848327199
(168|195) 0.3296751771135113
(169|0) -0.7449584411833929
(169|17) -0.7729871647836365
(169|20) -0.6480484281753365
(169|24) -0.7272296742229613
(169|36) -0.869897177791693
(169|48) -0.6480484281753365
(169|49) -0.9490784238393177
(169|62) -0.6480484281753365
(169|63) -0.9490784238393177
(169|72) -0.5811016385447233
(169|87) -0.40501037948904206
(169|98) -0.6480484281753365
(169|100) -0.6480484281753365
(169|108) -1.250108419503299
(169|110) -0.6480484281753365
(169|120) -0.5811016385447233
(169|132) -0.5811016385447233
(169|144) -0.5811016385447233
(169|156) -0.5811016385447233
(169|169) -0.5811016385447233
(169|183) -0.8241396872310177
(169|184) -0.6480484281753365
(169|194) -1.0459884368473742
(170|0) -0.6480484281753365
(170|110) -0.6480484281753365
(170|183) -0.6480484281753365
(170|193) -0.6480484281753365
(181|1) -0.4261996785589801
(181|20) -0.47195716911965524
(181|49) -0.4261996785589801
(181|63) -0.3927759230720304
(181|66) -0.6480484281753365
(181|97) -0.47195716911965524
(181|98) -0.40501037948904206
(181|99) 0.5560715544805882
(181|110) -0.5811016385447233
(181|113) -0.6480484281753365
(182|14) -0.6480484281753365
(182|17) 0.35195157182466347
(182|72) 0.34317764751715835
(182|87) 0.35195157182466347
(182|99) 0.6307051727774925
(182|100) 0.35195157182466347
(182|133) -0.6480484281753365
(182|194) 0.43113281787228835
(183|19) 0.35195157182466347
(183|36) -0.36929482722250756
(183|49) -0.40501037948904206
(183|50) 0.6307051727774925
(183|62) -0.3750471561115989
(183|65) -1.1251696828949989
(183|73) 0.39334425698288855
(183|97) -0.6480484281753365
(183|101) 0.49807960750290153
(183|109) 0.5560715544805882
(183|112) -0.5019203924970985
(183|169) -0.8241396872310177
(183|170) -0.6480484281753365
(184|14) -0.6480484281753365
(184|17) 0.35195157182466347
(184|20) -1.1251696828949989
(184|52) -0.6480484281753365
(184|53) -0.9490784238393177
(184|73) 0.35195157182466347
(184|88) -0.6480484281753365
(184|98) -0.38480699340075514
(184|108) -0.5511384151672801
(184|169) -0.6480484281753365
(184|193) 0.43113281787228835
(192|0) 0.35195157182466347
(192|24) 0.4488615848327199
(192|52) -0.6480484281753365
(192|72) 0.41264941217827517
(192|101) 0.39334425698288855
(192|120) 0.4488615848327199
(192|132) 0.4488615848327199
(192|144) 0.4488615848327199
(192|156) 0.4488615848327199
(192|168) 0.4488615848327199
(192|192) 0.4488615848327199
(193|14) -0.47195716911965524
(193|53) -0.47195716911965524
(193|65) -0.4261996785589801
(193|170) -0.6480484281753365
(193|184) 0.43113281787228835
(194|20) -0.47195716911965524
(194|50) 0.43113281787228835
(194|64) 0.5280428308803446
(194|66) -0.47195716911965524
(194|97) -0.6480484281753365
(194|99) 0.6307051727774925
(194|108) -0.47195716911965524
(194|109) 0.5560715544805882
(194|169) -1.0459884368473742
(194|182) 0.43113281787228835
(195|0) 0.5824004932029374
(195|20) -0.6480484281753365
(195|86) 0.39334425698288855
(195|110) -0.47195716911965524
(195|120) 0.3296751771135113
(195|132) 0.3296751771135113
(195|156) 0.3296751771135113
(195|168) 0.3296751771135113
(195|195) 0.3296751771135113
(197|18) -0.9490784238393177
(197|87) -0.6480484281753365
(197|98) -0.6480484281753365
(197|109) -0.47195716911965524
(198|52) -0.6480484281753365
(199|0) -0.6480484281753365
(199|36) -0.6480484281753365
(199|65) -0.6480484281753365
