(0|19) 0.8020403260488936
(0|112) -0.38984520019001945
(1|17) 0.47873393567376027
(1|18) -0.34772199428443845
(1|49) 0.6149536826917492
(1|61) 0.40410031737685603
(1|98) -0.3942543190950745
(1|100) 0.6771015894405937
(1|109) -0.49898966961508756
(1|110) 0.5424030155431375
(1|121) -0.49898966961508756
(1|133) -0.49898966961508756
(1|183) 0.8434330112071187
(1|192) 0.5801915764325373
(1|195) -1.10104966094305
(1|197) -0.49898966961508756
(14|36) -0.49898966961508756
(14|48) -0.49898966961508756
(14|62) -0.49898966961508756
(14|99) -0.49898966961508756
(14|102) -0.49898966961508756
(14|112) -0.8000196652790688
(16|36) 0.7797639313377415
(16|48) 0.4304292560992052
(16|87) 0.5801915764325373
(16|99) 0.40410031737685603
(16|109) -0.37405093300678754
(16|193) 0.5010103303849125
(17|1) 0.47873393567376027
(17|25) -0.5781709156627124
(17|36) -0.37405093300678754
(17|64) -0.49898966961508756
(17|73) 0.45525283982423737
(17|88) -0.595899682623144
(17|98) -0.37405093300678754
(17|101) -0.595899682623144
(17|102) -0.49898966961508756
(17|192) 0.5801915764325373
(17|195) -0.49898966961508756
(17|197) -0.8000196652790688
(18|1) -0.34772199428443845
(18|50) 0.40410031737685603
(18|133) -0.49898966961508756
(18|195) -0.3528616339368495
(19|0) 0.8020403260488936
(19|19) 0.37607159377661253
(19|24) 0.4862870735642062
(19|25) -0.49898966961508756
(19|36) 0.40410031737685603
(19|37) 0.3663117564874563
(19|72) 0.4862870735642062
(19|73) -0.49898966961508756
(19|87) 0.5424030155431375
(19|99) 0.5010103303849125
(19|110) 0.5010103303849125
(19|120) 0.37607159377661253
(19|132) 0.36134833695590624
(19|144) 0.37607159377661253
(19|156) 0.37607159377661253
(19|168) 0.37607159377661253
(19|182) 0.40410031737685603
(19|194) 0.5801915764325373
(20|37) 0.5424030155431375
(20|49) -0.49898966961508756
(20|72) 0.5801915764325373
(20|73) -0.49898966961508756
(20|182) -0.49898966961508756
(24|19) 0.4862870735642062
(24|108) 0.36134833695590624
(24|121) -0.49898966961508756
(25|17) -0.5781709156627124
(25|19) -0.49898966961508756
(25|48) -0.37405093300678754
(25|86) -0.49898966961508745
(25|97) -0.8000196652790688
(25|183) -0.595899682623144
(36|14) -0.49898966961508756
(36|16) 0.7797639313377415
(36|17) -0.37405093300678754
(36|19) 0.40410031737685603
(36|73) 0.6471383660631504
(36|88) -0.37405093300678754
(36|108) 0.4304292560992052
(36|112) -0.5781709156627124
(36|197) -0.37405093300678754
(37|19) 0.3663117564874563
(37|20) 0.5424030155431375
(37|50) 0.3903120328912228
(37|100) 0.40410031737685603
(37|195) -0.6239284062233875
(48|14) -0.49898966961508756
(48|16) 0.4304292560992052
(48|25) -0.37405093300678754
(48|64) -0.4020796566070311
(48|112) -0.41980842356746273
(48|121) -0.49898966961508756
(48|192) 0.40410031737685603
(48|195) -0.4409977226374007
(48|197) -0.49898966961508756
(49|1) 0.6149536826917492
(49|20) -0.49898966961508756
(49|73) 0.6471383660631504
(50|18) 0.40410031737685603
(50|37) 0.3903120328912228
(50|181) 0.45525283982423737
(50|182) 0.37607159377661253
(61|1) 0.40410031737685603
(61|88) -0.37405093300678754
(61|102) -0.49898966961508756
(61|112) -0.4020796566070311
(61|192) 0.40410031737685603
(61|195) -0.49898966961508756
(62|14) -0.49898966961508756
(62|88) -0.6750809286707687
(62|102) -0.49898966961508756
(62|109) -0.49898966961508756
(62|110) 0.5221996294548505
(62|121) -0.49898966961508756
(62|181) 0.37607159377661253
(62|192) 0.40410031737685603
(62|194) 0.45525283982423737
(63|100) 0.5424030155431375
(63|112) -0.49898966961508756
(63|195) -0.5781709156627124
(64|17) -0.49898966961508756
(64|48) -0.4020796566070311
(64|87) -0.3528616339368495
(64|98) -0.7420277183013819
(64|110) -0.37405093300678754
(64|193) -0.49898966961508756
(66|86) -0.49898966961508756
(72|19) 0.4862870735642062
(72|20) 0.5801915764325373
(73|17) 0.45525283982423737
(73|19) -0.49898966961508756
(73|20) -0.49898966961508756
(73|36) 0.6471383660631504
(73|49) 0.6471383660631504
(73|87) 0.5221996294548505
(73|99) 0.5010103303849125
(73|110) 0.6471383660631504
(73|183) 0.40410031737685603
(86|25) -0.49898966961508745
(86|66) -0.49898966961508756
(86|101) -0.4020796566070311
(86|112) -0.49898966961508756
(86|195) -0.5781709156627124
(86|197) -0.49898966961508756
(87|16) 0.5801915764325373
(87|19) 0.5424030155431375
(87|64) -0.3528616339368495
(87|73) 0.5221996294548505
(87|108) 0.6771015894405937
(87|121) -0.49898966961508756
(88|17) -0.595899682623144
(88|36) -0.37405093300678754
(88|61) -0.37405093300678754
(88|62) -0.6750809286707687
(88|111) -0.6750809286707687
(88|181) -0.49898966961508756
(97|25) -0.8000196652790688
(97|108) -0.49898966961508756
(98|1) -0.3942543190950745
(98|17) -0.37405093300678754
(98|64) -0.7420277183013819
(98|184) -0.38984520019001945
(98|195) -0.6451177052933256
(99|14) -0.49898966961508756
(99|16) 0.40410031737685603
(99|19) 0.5010103303849125
(99|73) 0.5010103303849125
(100|1) 0.6771015894405937
(100|37) 0.40410031737685603
(100|63) 0.5424030155431375
(100|110) 0.5801915764325373
(100|112) -0.49898966961508756
(100|183) 0.45525283982423737
(100|186) -0.49898966961508756
(100|192) 0.45525283982423737
(100|194) 0.7051303130408373
(100|195) -0.49898966961508756
(101|17) -0.595899682623144
(101|86) -0.4020796566070311
(102|14) -0.49898966961508756
(102|17) -0.49898966961508756
(102|61) -0.49898966961508756
(102|62) -0.49898966961508756
(102|111) -0.8000196652790688
(102|183) -0.49898966961508756
(102|193) -0.37405093300678754
(108|24) 0.36134833695590624
(108|36) 0.4304292560992052
(108|87) 0.6771015894405937
(108|97) -0.49898966961508756
(108|184) 0.37607159377661253
(109|1) -0.49898966961508756
(109|16) -0.37405093300678754
(109|62) -0.49898966961508756
(109|121) -0.49898966961508756
(109|133) -0.49898966961508756
(109|182) 0.40410031737685603
(109|184) -0.7208384192314439
(109|195) -0.8000196652790688
(110|1) 0.5424030155431375
(110|19) 0.5010103303849125
(110|62) 0.5221996294548505
(110|64) -0.37405093300678754
(110|73) 0.6471383660631504
(110|100) 0.5801915764325373
(111|88) -0.6750809286707687
(111|102) -0.8000196652790688
(112|0) -0.38984520019001945
(112|14) -0.8000196652790688
(112|36) -0.5781709156627124
(112|48) -0.41980842356746273
(112|61) -0.4020796566070311
(112|63) -0.49898966961508756
(112|86) -0.49898966961508756
(112|100) -0.49898966961508756
(112|181) -0.49898966961508756
(112|182) -0.49898966961508756
(112|192) -0.49898966961508756
(112|194) -0.8000196652790688
(120|19) 0.37607159377661253
(121|1) -0.49898966961508756
(121|24) -0.49898966961508756
(121|48) -0.49898966961508756
(121|62) -0.49898966961508756
(121|87) -0.49898966961508756
(121|109) -0.49898966961508756
(121|133) -0.49898966961508756
(121|193) -0.49898966961508756
(132|19) 0.36134833695590624
(133|1) -0.49898966961508756
(133|18) -0.49898966961508756
(133|109) -0.49898966961508756
(133|121) -0.49898966961508756
(133|193) -0.49898966961508756
(144|19) 0.37607159377661253
(156|19) 0.37607159377661253
(168|19) 0.37607159377661253
(181|50) 0.45525283982423737
(181|62) 0.37607159377661253
(181|88) -0.49898966961508756
(181|112) -0.49898966961508756
(182|19) 0.40410031737685603
(182|20) -0.49898966961508756
(182|50) 0.37607159377661253
(182|109) 0.40410031737685603
(182|112) -0.49898966961508756
(182|197) -0.49898966961508756
(183|1) 0.8434330112071187
(183|25) -0.595899682623144
(183|73) 0.40410031737685603
(183|100) 0.45525283982423737
(183|102) -0.49898966961508756
(184|98) -0.38984520019001945
(184|108) 0.37607159377661253
(184|109) -0.7208384192314439
(184|195) -0.41980842356746273
(186|100) -0.49898966961508756
(192|1) 0.5801915764325373
(192|17) 0.5801915764325373
(192|48) 0.40410031737685603
(192|61) 0.40410031737685603
(192|62) 0.40410031737685603
(192|100) 0.45525283982423737
(192|112) -0.49898966961508756
(193|16) 0.5010103303849125
(193|64) -0.49898966961508756
(193|102) -0.37405093300678754
(193|121) -0.49898966961508756
(193|133) -0.49898966961508756
(194|19) 0.5801915764325373
(194|62) 0.45525283982423737
(194|100) 0.7051303130408373
(194|112) -0.8000196652790688
(195|1) -1.10104966094305
(195|17) -0.49898966961508756
(195|18) -0.3528616339368495
(195|37) -0.6239284062233875
(195|48) -0.4409977226374007
(195|61) -0.49898966961508756
(195|63) -0.5781709156627124
(195|86) -0.5781709156627124
(195|98) -0.6451177052933256
(195|100) -0.49898966961508756
(195|109) -0.8000196652790688
(195|184) -0.41980842356746273
(197|1) -0.49898966961508756
(197|17) -0.8000196652790688
(197|36) -0.37405093300678754
(197|48) -0.49898966961508756
(197|86) -0.49898966961508756
(197|182) -0.49898966961508756
