(0|14) -0.1918855262389131
(0|20) -0.6690067809585756
(0|108) -0.20827594242708256
(0|181) -0.2887955392469695
(0|193) 0.2493231725901048
(0|194) -0.21903777228252794
(1|17) 0.17609125905568124
(1|20) -0.36797678529459443
(1|36) -0.1918855262389131
(1|61) -0.47712125471966244
(1|62) 0.28523572848074924
(1|63) 0.3309932190414245
(1|97) -0.36797678529459443
(1|99) -0.24303804868629447
(1|108) 0.23408320603336796
(1|181) -0.1918855262389131
(1|184) 0.5351132016973492
(1|195) -0.36797678529459443
(14|0) -0.1918855262389131
(14|14) -0.1918855262389131
(14|24) -0.36797678529459443
(14|37) -0.36797678529459443
(14|48) -0.36797678529459443
(14|72) -0.1918855262389131
(14|98) -0.6690067809585756
(14|120) -0.1918855262389131
(14|132) -0.1918855262389131
(14|144) -0.1918855262389131
(14|156) -0.1918855262389131
(14|168) -0.1918855262389131
(14|193) -0.36797678529459443
(16|48) 0.19629464514396827
(16|50) -0.36797678529459443
(16|62) 0.23408320603336796
(16|87) 0.19629464514396827
(16|88) -0.36797678529459443
(16|99) -0.36797678529459443
(16|109) 0.23408320603336796
(16|110) 0.3309932190414245
(16|182) -0.36797678529459443
(16|195) -0.36797678529459443
(17|1) 0.17609125905568124
(17|86) 0.3309932190414245
(17|100) 0.41017446508904926
(17|109) 0.5351132016973492
(17|181) -0.2218487496163564
(17|182) 0.5862657241447304
(17|183) 0.1760912590556813
(17|193) 0.49732464080794947
(17|198) -0.6690067809585756
(18|36) -0.2710667722865379
(18|50) -0.5440680443502757
(18|61) -0.6690067809585756
(18|88) 0.23408320603336796
(18|183) -0.21307482530885122
(18|193) -0.1918855262389132
(18|195) -0.1918855262389131
(19|36) 0.23408320603336796
(19|48) -0.21307482530885122
(19|49) 0.23408320603336802
(19|63) -0.2710667722865379
(19|86) -0.1918855262389131
(19|98) 0.20605448243312446
(19|99) -0.36797678529459443
(19|100) -0.1918855262389131
(19|108) -0.1918855262389131
(19|184) -0.1918855262389131
(19|193) 0.17609125905568124
(19|195) -0.36797678529459443
(20|0) -0.6690067809585756
(20|1) -0.36797678529459443
(20|20) -0.5440680443502757
(20|24) -0.5440680443502757
(20|37) -0.36797678529459443
(20|48) -0.6690067809585756
(20|49) -0.36797678529459443
(20|61) -0.36797678529459443
(20|63) -0.36797678529459443
(20|72) -0.5440680443502757
(20|87) -0.5440680443502757
(20|98) -0.6690067809585756
(20|109) -0.5440680443502757
(20|120) -0.5440680443502757
(20|132) -0.5440680443502757
(20|144) -0.5440680443502757
(20|156) -0.5440680443502757
(20|168) -0.5440680443502757
(20|194) -0.6690067809585756
(20|195) -0.36797678529459443
(24|14) -0.36797678529459443
(24|20) -0.5440680443502757
(24|97) -0.1918855262389131
(24|100) 0.23408320603336802
(24|111) -0.36797678529459443
(24|198) -0.1918855262389131
(25|48) 0.23408320603336796
(25|61) -0.36797678529459443
(25|62) 0.23408320603336796
(25|87) 0.28523572848074924
(25|88) -0.36797678529459443
(25|108) -0.1918855262389131
(25|110) 0.23408320603336796
(25|181) -0.6690067809585756
(25|193) 0.23408320603336796
(36|1) -0.1918855262389131
(36|18) -0.2710667722865379
(36|19) 0.23408320603336796
(36|61) -0.2588323158695264
(36|110) -0.21307482530885122
(36|181) -0.1918855262389131
(36|182) 0.23408320603336796
(36|184) -0.21307482530885122
(37|14) -0.36797678529459443
(37|20) -0.36797678529459443
(37|62) 0.1829306835859867
(37|88) 0.17609125905568124
(37|108) -0.22967408712831291
(37|110) 0.21828893885013603
(37|181) -0.3679767852945944
(37|184) 0.23408320603336802
(37|193) 0.31326445208099285
(37|196) 0.3309932190414245
(37|198) -0.36797678529459443
(48|14) -0.36797678529459443
(48|16) 0.19629464514396827
(48|19) -0.21307482530885122
(48|20) -0.6690067809585756
(48|25) 0.23408320603336796
(48|86) -0.2710667722865379
(48|100) 0.23408320603336796
(48|181) -0.2710667722865379
(48|184) 0.16713641640275476
(48|195) -0.2710667722865379
(49|19) 0.23408320603336802
(49|20) -0.36797678529459443
(49|63) -0.1716821401506262
(49|97) -0.6690067809585756
(49|99) -0.4648867983026508
(49|100) 0.3309932190414245
(49|108) -0.36797678529459443
(49|181) -0.3679767852945944
(49|182) 0.19629464514396827
(49|184) -0.36797678529459443
(49|193) 0.44493657134826115
(49|194) -0.26324143477458145
(49|195) 0.23408320603336796
(50|16) -0.36797678529459443
(50|18) -0.5440680443502757
(50|61) -0.6690067809585756
(50|62) 0.17609125905568124
(50|98) -0.1918855262389131
(50|109) 0.23408320603336796
(50|110) -0.1918855262389131
(50|193) -0.36797678529459443
(61|1) -0.47712125471966244
(61|18) -0.6690067809585756
(61|20) -0.36797678529459443
(61|25) -0.36797678529459443
(61|36) -0.2588323158695264
(61|50) -0.6690067809585756
(61|86) -0.1918855262389131
(61|98) -0.2514712162231572
(61|100) 0.23408320603336796
(61|110) -0.2808266095756942
(61|181) -0.6690067809585756
(61|193) -0.1716821401506262
(61|194) -0.31682426284721316
(62|1) 0.28523572848074924
(62|16) 0.23408320603336796
(62|25) 0.23408320603336796
(62|37) 0.1829306835859867
(62|50) 0.17609125905568124
(62|88) 0.28523572848074924
(62|98) 0.18832571547269283
(62|99) -0.4471580313422192
(62|111) -0.36797678529459443
(62|182) 0.19629464514396827
(62|193) 0.25527250510330607
(62|195) -0.36797678529459443
(63|1) 0.3309932190414245
(63|19) -0.2710667722865379
(63|20) -0.36797678529459443
(63|49) -0.1716821401506262
(63|88) -0.24303804868629447
(63|97) -0.6690067809585756
(63|108) -0.3679767852945944
(63|109) 0.2754758911915931
(63|193) 0.6320232147054057
(63|194) -0.2514712162231572
(63|196) 0.3309932190414245
(63|198) -0.1918855262389131
(72|14) -0.1918855262389131
(72|20) -0.5440680443502757
(72|97) -0.1918855262389131
(72|100) 0.26884531229257996
(72|181) -0.2588323158695264
(72|196) 0.17609125905568124
(72|198) -0.1918855262389131
(86|17) 0.3309932190414245
(86|19) -0.1918855262389131
(86|48) -0.2710667722865379
(86|61) -0.1918855262389131
(86|98) -0.2710667722865379
(86|109) -0.6690067809585756
(86|110) 0.17609125905568124
(86|181) -0.36797678529459443
(87|16) 0.19629464514396827
(87|20) -0.5440680443502757
(87|25) 0.28523572848074924
(87|97) -0.1918855262389131
(87|193) 0.20605448243312446
(87|198) -0.1918855262389131
(88|16) -0.36797678529459443
(88|18) 0.23408320603336796
(88|25) -0.36797678529459443
(88|37) 0.17609125905568124
(88|62) 0.28523572848074924
(88|63) -0.24303804868629447
(88|99) -0.6690067809585756
(88|108) -0.1918855262389131
(88|181) -0.6690067809585756
(88|184) 0.23408320603336796
(88|193) 0.3309932190414245
(88|194) -0.2218487496163564
(97|1) -0.36797678529459443
(97|24) -0.1918855262389131
(97|49) -0.6690067809585756
(97|63) -0.6690067809585756
(97|72) -0.1918855262389131
(97|87) -0.1918855262389131
(97|97) -0.1918855262389131
(97|109) -0.36797678529459443
(97|120) -0.1918855262389131
(97|132) -0.1918855262389131
(97|144) -0.1918855262389131
(97|156) -0.1918855262389131
(97|168) -0.1918855262389131
(98|14) -0.6690067809585756
(98|19) 0.20605448243312446
(98|20) -0.6690067809585756
(98|50) -0.1918855262389131
(98|61) -0.2514712162231572
(98|62) 0.18832571547269283
(98|86) -0.2710667722865379
(98|181) -0.3679767852945944
(99|1) -0.24303804868629447
(99|16) -0.36797678529459443
(99|19) -0.36797678529459443
(99|49) -0.4648867983026508
(99|62) -0.4471580313422192
(99|88) -0.6690067809585756
(99|108) -0.36797678529459443
(99|110) -0.3010299956639812
(99|183) -0.1716821401506262
(99|193) 0.17609125905568124
(99|194) -0.3099848383169077
(99|195) -0.1918855262389131
(100|17) 0.41017446508904926
(100|19) -0.1918855262389131
(100|24) 0.23408320603336802
(100|48) 0.23408320603336796
(100|49) 0.3309932190414245
(100|61) 0.23408320603336796
(100|72) 0.26884531229257996
(100|100) 0.26884531229257996
(100|108) -0.6690067809585756
(100|110) 0.5351132016973492
(100|120) 0.26884531229257996
(100|132) 0.26884531229257996
(100|144) 0.26884531229257996
(100|156) 0.26884531229257996
(100|168) 0.26884531229257996
(100|182) -0.36797678529459443
(100|194) -0.3679767852945944
(108|0) -0.20827594242708256
(108|1) 0.23408320603336796
(108|19) -0.1918855262389131
(108|25) -0.1918855262389131
(108|37) -0.22967408712831291
(108|49) -0.36797678529459443
(108|63) -0.3679767852945944
(108|88) -0.1918855262389131
(108|99) -0.36797678529459443
(108|100) -0.6690067809585756
(108|181) -0.6690067809585756
(108|184) -0.1918855262389131
(108|194) -0.3679767852945945
(109|16) 0.23408320603336796
(109|17) 0.5351132016973492
(109|20) -0.5440680443502757
(109|50) 0.23408320603336796
(109|63) 0.2754758911915931
(109|86) -0.6690067809585756
(109|97) -0.36797678529459443
(109|182) -0.2588323158695264
(109|183) 0.23408320603336802
(109|193) 0.3590219426416679
(109|196) 0.23408320603336796
(110|16) 0.3309932190414245
(110|25) 0.23408320603336796
(110|36) -0.21307482530885122
(110|37) 0.21828893885013603
(110|50) -0.1918855262389131
(110|61) -0.2808266095756942
(110|86) 0.17609125905568124
(110|99) -0.3010299956639812
(110|100) 0.5351132016973492
(110|181) -0.4648867983026508
(110|182) 0.3010299956639812
(110|184) 0.17609125905568124
(111|24) -0.36797678529459443
(111|62) -0.36797678529459443
(120|14) -0.1918855262389131
(120|20) -0.5440680443502757
(120|97) -0.1918855262389131
(120|100) 0.26884531229257996
(120|181) -0.2588323158695264
(120|196) 0.17609125905568124
(120|198) -0.1918855262389131
(132|14) -0.1918855262389131
(132|20) -0.5440680443502757
(132|97) -0.1918855262389131
(132|100) 0.26884531229257996
(132|181) -0.2588323158695264
(132|196) 0.17609125905568124
(132|198) -0.1918855262389131
(144|14) -0.1918855262389131
(144|20) -0.5440680443502757
(144|97) -0.1918855262389131
(144|100) 0.26884531229257996
(144|181) -0.2588323158695264
(144|196) 0.17609125905568124
(144|198) -0.1918855262389131
(156|14) -0.1918855262389131
(156|20) -0.5440680443502757
(156|97) -0.1918855262389131
(156|100) 0.26884531229257996
(156|181) -0.2588323158695264
(156|196) 0.17609125905568124
(156|198) -0.1918855262389131
(168|14) -0.1918855262389131
(168|20) -0.5440680443502757
(168|97) -0.1918855262389131
(168|100) 0.26884531229257996
(168|181) -0.2588323158695264
(168|196) 0.17609125905568124
(168|198) -0.1918855262389131
(181|0) -0.2887955392469695
(181|1) -0.1918855262389131
(181|17) -0.2218487496163564
(181|25) -0.6690067809585756
(181|36) -0.1918855262389131
(181|37) -0.3679767852945944
(181|48) -0.2710667722865379
(181|49) -0.3679767852945944
(181|61) -0.6690067809585756
(181|72) -0.2588323158695264
(181|86) -0.36797678529459443
(181|88) -0.6690067809585756
(181|98) -0.3679767852945944
(181|108) -0.6690067809585756
(181|110) -0.4648867983026508
(181|120) -0.2588323158695264
(181|132) -0.2588323158695264
(181|144) -0.2588323158695264
(181|156) -0.2588323158695264
(181|168) -0.2588323158695264
(181|181) -0.2588323158695264
(181|193) -0.1918855262389131
(181|194) -0.4648867983026508
(182|16) -0.36797678529459443
(182|17) 0.5862657241447304
(182|36) 0.23408320603336796
(182|49) 0.19629464514396827
(182|62) 0.19629464514396827
(182|100) -0.36797678529459443
(182|109) -0.2588323158695264
(182|110) 0.3010299956639812
(182|195) -0.36797678529459443
(183|17) 0.1760912590556813
(183|18) -0.21307482530885122
(183|99) -0.1716821401506262
(183|109) 0.23408320603336802
(183|195) 0.23408320603336796
(183|196) 0.23408320603336796
(184|1) 0.5351132016973492
(184|19) -0.1918855262389131
(184|36) -0.21307482530885122
(184|37) 0.23408320603336802
(184|48) 0.16713641640275476
(184|49) -0.36797678529459443
(184|88) 0.23408320603336796
(184|108) -0.1918855262389131
(184|110) 0.17609125905568124
(184|193) 0.44493657134826115
(184|195) -0.36797678529459443
(193|0) 0.2493231725901048
(193|14) -0.36797678529459443
(193|17) 0.49732464080794947
(193|18) -0.1918855262389132
(193|19) 0.17609125905568124
(193|25) 0.23408320603336796
(193|37) 0.31326445208099285
(193|49) 0.44493657134826115
(193|50) -0.36797678529459443
(193|61) -0.1716821401506262
(193|62) 0.25527250510330607
(193|63) 0.6320232147054057
(193|87) 0.20605448243312446
(193|88) 0.3309932190414245
(193|99) 0.17609125905568124
(193|109) 0.3590219426416679
(193|181) -0.1918855262389131
(193|184) 0.44493657134826115
(194|0) -0.21903777228252794
(194|20) -0.6690067809585756
(194|49) -0.26324143477458145
(194|61) -0.31682426284721316
(194|63) -0.2514712162231572
(194|88) -0.2218487496163564
(194|99) -0.3099848383169077
(194|100) -0.3679767852945944
(194|108) -0.3679767852945945
(194|181) -0.4648867983026508
(195|1) -0.36797678529459443
(195|16) -0.36797678529459443
(195|18) -0.1918855262389131
(195|19) -0.36797678529459443
(195|20) -0.36797678529459443
(195|48) -0.2710667722865379
(195|49) 0.23408320603336796
(195|62) -0.36797678529459443
(195|99) -0.1918855262389131
(195|182) -0.36797678529459443
(195|183) 0.23408320603336796
(195|184) -0.36797678529459443
(196|37) 0.3309932190414245
(196|63) 0.3309932190414245
(196|72) 0.17609125905568124
(196|109) 0.23408320603336796
(196|120) 0.17609125905568124
(196|132) 0.17609125905568124
(196|144) 0.17609125905568124
(196|156) 0.17609125905568124
(196|168) 0.17609125905568124
(196|183) 0.23408320603336796
(196|196) 0.17609125905568124
(198|17) -0.6690067809585756
(198|24) -0.1918855262389131
(198|37) -0.36797678529459443
(198|63) -0.1918855262389131
(198|72) -0.1918855262389131
(198|87) -0.1918855262389131
(198|120) -0.1918855262389131
(198|132) -0.1918855262389131
(198|144) -0.1918855262389131
(198|156) -0.1918855262389131
(198|168) -0.1918855262389131
(198|198) -0.1918855262389131
