(0|14) 0.45010241198900053
(0|20) 0.3921104650113137
(0|86) 0.45010241198900053
(0|99) 0.3921104650113137
(0|111) -0.6290788340586243
(0|181) 0.45010241198900053
(0|182) 0.4848645182482124
(0|184) -0.42495885140269957
(0|185) 0.6261936710446817
(0|186) 0.6261936710446817
(1|16) -0.45298757500294307
(1|86) -0.6290788340586243
(1|99) 0.5470124249970568
(1|100) -0.6290788340586243
(1|195) 0.32516367538070057
(14|0) 0.45010241198900053
(14|14) 0.45010241198900053
(14|24) 0.32516367538070057
(14|37) 0.32516367538070057
(14|48) 0.6261936710446817
(14|72) 0.7511324076529817
(14|87) 0.32516367538070057
(14|88) 0.45010241198900053
(14|98) 0.45010241198900053
(14|110) 0.32516367538070057
(14|120) 0.45010241198900053
(14|132) 0.45010241198900053
(14|144) 0.45010241198900053
(14|156) 0.45010241198900053
(14|168) 0.45010241198900053
(14|184) 0.32516367538070057
(14|194) 0.32516367538070057
(16|1) -0.45298757500294307
(16|108) 0.32516367538070057
(16|184) -0.45298757500294307
(17|63) 0.8894351058192631
(17|64) -0.45298757500294307
(17|86) -0.6290788340586243
(17|97) 0.5470124249970568
(17|100) -0.9970556193532186
(17|110) -0.48295079838038635
(17|184) -0.4529875750029431
(17|185) 0.32516367538070057
(17|196) -0.6290788340586243
(18|25) -0.45298757500294307
(18|62) 0.37092116594137564
(18|99) 0.7511324076529817
(18|184) -0.577926311611243
(18|185) 0.3921104650113137
(19|196) 0.32516367538070057
(20|0) 0.3921104650113137
(20|20) 0.3921104650113137
(20|24) 0.32516367538070057
(20|48) 0.3921104650113137
(20|72) 0.3921104650113137
(20|120) 0.3921104650113137
(20|132) 0.3921104650113137
(20|144) 0.3921104650113137
(20|156) 0.3921104650113137
(20|168) 0.3921104650113137
(20|184) 0.32516367538070057
(24|14) 0.32516367538070057
(24|20) 0.32516367538070057
(24|99) 0.40434492142832534
(24|100) -0.5912902731692246
(24|111) -0.45298757500294307
(24|185) 0.37092116594137564
(24|186) 0.6261936710446817
(24|192) 0.32516367538070057
(25|18) -0.45298757500294307
(25|63) 0.32516367538070057
(25|88) -0.45298757500294307
(25|183) -0.7540175706669242
(25|193) -0.6290788340586243
(25|194) 0.45010241198900053
(36|64) -0.6290788340586243
(36|100) -0.45298757500294307
(36|111) -0.6290788340586243
(36|182) 0.5470124249970568
(36|184) -0.42816399127791094
(37|14) 0.32516367538070057
(37|99) 0.5170492016196137
(37|100) -0.45298757500294307
(37|181) -0.6290788340586243
(37|183) 0.3104404185599942
(37|185) 0.7511324076529817
(48|14) 0.6261936710446817
(48|20) 0.3921104650113137
(48|64) -0.6290788340586243
(48|99) 0.3531923989809441
(48|100) -0.45298757500294307
(48|111) -0.6290788340586243
(48|185) 0.45010241198900053
(48|186) 0.32516367538070057
(49|97) 0.32516367538070057
(49|185) 0.5470124249970568
(49|193) 0.32516367538070057
(49|197) -0.45298757500294307
(50|184) -0.7540175706669242
(61|99) 0.32516367538070057
(61|100) -0.8509275836749807
(61|111) -0.45298757500294307
(62|18) 0.37092116594137564
(62|108) 0.6013700873196496
(62|110) -0.5498975880109994
(62|181) -0.6290788340586243
(62|182) 0.45010241198900053
(62|184) -0.49438026016116815
(62|185) 0.5470124249970568
(62|195) 0.6261936710446817
(63|17) 0.8894351058192631
(63|25) 0.32516367538070057
(63|182) 0.6261936710446817
(63|185) 0.45010241198900053
(63|186) 0.32516367538070057
(64|17) -0.45298757500294307
(64|36) -0.6290788340586243
(64|48) -0.6290788340586243
(64|87) -0.6290788340586243
(64|97) -0.45298757500294307
(72|14) 0.7511324076529817
(72|20) 0.3921104650113137
(72|99) 0.42782601727784825
(72|100) -0.4151990141135433
(72|111) -0.6290788340586243
(72|182) 0.6013700873196496
(72|185) 0.4848645182482124
(72|186) 0.6261936710446817
(72|192) 0.32516367538070057
(86|0) 0.45010241198900053
(86|1) -0.6290788340586243
(86|17) -0.6290788340586243
(87|14) 0.32516367538070057
(87|64) -0.6290788340586243
(87|99) 0.32516367538070057
(87|100) -0.6290788340586243
(87|111) -0.45298757500294307
(87|182) 0.588405110155282
(87|184) -0.6492822201469114
(87|185) 0.37092116594137564
(87|186) 0.45010241198900053
(88|14) 0.45010241198900053
(88|25) -0.45298757500294307
(88|99) 0.4848645182482124
(88|100) -0.4529875750029431
(97|17) 0.5470124249970568
(97|49) 0.32516367538070057
(97|64) -0.45298757500294307
(97|182) 0.6261936710446817
(98|14) 0.45010241198900053
(98|185) 0.6931404606752949
(99|0) 0.3921104650113137
(99|1) 0.5470124249970568
(99|18) 0.7511324076529817
(99|24) 0.40434492142832534
(99|37) 0.5170492016196137
(99|48) 0.3531923989809441
(99|61) 0.32516367538070057
(99|72) 0.42782601727784825
(99|87) 0.32516367538070057
(99|88) 0.4848645182482124
(99|99) 0.42782601727784825
(99|108) 0.5470124249970568
(99|109) 0.6931404606752949
(99|120) 0.42782601727784825
(99|132) 0.42782601727784825
(99|144) 0.42782601727784825
(99|156) 0.42782601727784825
(99|168) 0.42782601727784825
(99|183) 0.6931404606752949
(100|1) -0.6290788340586243
(100|17) -0.9970556193532186
(100|24) -0.5912902731692246
(100|36) -0.45298757500294307
(100|37) -0.45298757500294307
(100|48) -0.45298757500294307
(100|61) -0.8509275836749807
(100|72) -0.4151990141135433
(100|87) -0.6290788340586243
(100|88) -0.4529875750029431
(100|100) -0.4529875750029431
(100|109) -0.45298757500294307
(100|110) -0.4529875750029431
(100|120) -0.4529875750029431
(100|132) -0.4529875750029431
(100|144) -0.4529875750029431
(100|156) -0.4529875750029431
(100|168) -0.4529875750029431
(100|184) -1.1062000887782868
(100|185) -0.45298757500294307
(100|193) -0.8509275836749807
(108|16) 0.32516367538070057
(108|62) 0.6013700873196496
(108|99) 0.5470124249970568
(108|182) 0.6931404606752949
(108|184) -0.5199343646335564
(108|185) 0.6261936710446817
(108|196) 0.32516367538070057
(108|197) -0.6290788340586243
(109|99) 0.6931404606752949
(109|100) -0.45298757500294307
(109|182) 0.5470124249970568
(109|197) 0.32516367538070057
(110|14) 0.32516367538070057
(110|17) -0.48295079838038635
(110|62) -0.5498975880109994
(110|100) -0.4529875750029431
(110|181) 0.32516367538070057
(110|185) 0.32516367538070057
(110|195) -0.4529875750029431
(111|0) -0.6290788340586243
(111|24) -0.45298757500294307
(111|36) -0.6290788340586243
(111|48) -0.6290788340586243
(111|61) -0.45298757500294307
(111|72) -0.6290788340586243
(111|87) -0.45298757500294307
(111|111) -0.6290788340586243
(111|120) -0.6290788340586243
(111|132) -0.6290788340586243
(111|144) -0.6290788340586243
(111|156) -0.6290788340586243
(111|168) -0.6290788340586243
(120|14) 0.45010241198900053
(120|20) 0.3921104650113137
(120|99) 0.42782601727784825
(120|100) -0.4529875750029431
(120|111) -0.6290788340586243
(120|185) 0.4501024119890005
(120|186) 0.6261936710446817
(120|192) 0.32516367538070057
(132|14) 0.45010241198900053
(132|20) 0.3921104650113137
(132|99) 0.42782601727784825
(132|100) -0.4529875750029431
(132|111) -0.6290788340586243
(132|185) 0.4848645182482124
(132|186) 0.6261936710446817
(132|192) 0.32516367538070057
(144|14) 0.45010241198900053
(144|20) 0.3921104650113137
(144|99) 0.42782601727784825
(144|100) -0.4529875750029431
(144|111) -0.6290788340586243
(144|185) 0.4848645182482124
(144|186) 0.6261936710446817
(144|192) 0.32516367538070057
(156|14) 0.45010241198900053
(156|20) 0.3921104650113137
(156|99) 0.42782601727784825
(156|100) -0.4529875750029431
(156|111) -0.6290788340586243
(156|185) 0.4848645182482124
(156|186) 0.6261936710446817
(156|192) 0.32516367538070057
(168|14) 0.45010241198900053
(168|20) 0.3921104650113137
(168|99) 0.42782601727784825
(168|100) -0.4529875750029431
(168|111) -0.6290788340586243
(168|185) 0.4848645182482124
(168|186) 0.6261936710446817
(168|192) 0.32516367538070057
(181|0) 0.45010241198900053
(181|37) -0.6290788340586243
(181|62) -0.6290788340586243
(181|110) 0.32516367538070057
(182|0) 0.4848645182482124
(182|36) 0.5470124249970568
(182|62) 0.45010241198900053
(182|63) 0.6261936710446817
(182|72) 0.6013700873196496
(182|87) 0.588405110155282
(182|97) 0.6261936710446817
(182|108) 0.6931404606752949
(182|109) 0.5470124249970568
(182|193) -0.45298757500294307
(182|194) 0.3921104650113137
(183|25) -0.7540175706669242
(183|37) 0.3104404185599942
(183|99) 0.6931404606752949
(183|196) 0.45010241198900053
(184|0) -0.42495885140269957
(184|14) 0.32516367538070057
(184|16) -0.45298757500294307
(184|17) -0.4529875750029431
(184|18) -0.577926311611243
(184|20) 0.32516367538070057
(184|36) -0.42816399127791094
(184|50) -0.7540175706669242
(184|62) -0.49438026016116815
(184|87) -0.6492822201469114
(184|100) -1.1062000887782868
(184|108) -0.5199343646335564
(184|196) -1.0550475663309054
(184|197) -0.7540175706669242
(185|0) 0.6261936710446817
(185|17) 0.32516367538070057
(185|18) 0.3921104650113137
(185|24) 0.37092116594137564
(185|37) 0.7511324076529817
(185|48) 0.45010241198900053
(185|49) 0.5470124249970568
(185|62) 0.5470124249970568
(185|63) 0.45010241198900053
(185|72) 0.4848645182482124
(185|87) 0.37092116594137564
(185|98) 0.6931404606752949
(185|100) -0.45298757500294307
(185|108) 0.6261936710446817
(185|110) 0.32516367538070057
(185|120) 0.4501024119890005
(185|132) 0.4848645182482124
(185|144) 0.4848645182482124
(185|156) 0.4848645182482124
(185|168) 0.4848645182482124
(185|185) 0.4848645182482124
(185|194) 0.5012549344363818
(186|0) 0.6261936710446817
(186|24) 0.6261936710446817
(186|48) 0.32516367538070057
(186|63) 0.32516367538070057
(186|72) 0.6261936710446817
(186|87) 0.45010241198900053
(186|120) 0.6261936710446817
(186|132) 0.6261936710446817
(186|144) 0.6261936710446817
(186|156) 0.6261936710446817
(186|168) 0.6261936710446817
(186|186) 0.6261936710446817
(192|24) 0.32516367538070057
(192|72) 0.32516367538070057
(192|120) 0.32516367538070057
(192|132) 0.32516367538070057
(192|144) 0.32516367538070057
(192|156) 0.32516367538070057
(192|168) 0.32516367538070057
(192|192) 0.32516367538070057
(193|25) -0.6290788340586243
(193|49) 0.32516367538070057
(193|100) -0.8509275836749807
(193|182) -0.45298757500294307
(194|14) 0.32516367538070057
(194|25) 0.45010241198900053
(194|182) 0.3921104650113137
(194|185) 0.5012549344363818
(195|1) 0.32516367538070057
(195|62) 0.6261936710446817
(195|110) -0.4529875750029431
(196|17) -0.6290788340586243
(196|19) 0.32516367538070057
(196|108) 0.32516367538070057
(196|183) 0.45010241198900053
(196|184) -1.0550475663309054
(197|49) -0.45298757500294307
(197|108) -0.6290788340586243
(197|109) 0.32516367538070057
(197|184) -0.7540175706669242
