(0|19) 0.3066702630166739
(0|20) -0.28315527189427686
(0|111) -0.34114721887196364
(0|199) 0.43700403151168
(1|16) -0.28315527189427686
(1|17) 0.43700403151168
(1|19) -0.4660859554802636
(1|36) -0.28315527189427686
(1|181) -0.34114721887196364
(1|186) 0.43700403151168
(16|1) -0.28315527189427686
(16|25) -0.4380572318800201
(16|36) -0.34114721887196364
(16|99) -0.3411472188719636
(16|111) -0.5172384779276449
(16|184) -0.3411472188719636
(16|185) 0.5619427681199799
(16|186) -0.34114721887196364
(16|192) -0.34114721887196364
(17|1) 0.43700403151168
(17|25) -0.818268473591626
(17|36) -0.44760254978625047
(17|87) -0.3411472188719636
(17|99) -0.5172384779276449
(17|109) -0.392299741319345
(17|195) -0.34114721887196364
(17|197) 0.3578227854640552
(17|198) -0.4380572318800201
(18|50) -0.7390872275440012
(18|99) 0.43700403151168
(18|108) 0.3673681033702856
(18|186) 0.43700403151168
(18|197) 0.5039508211422932
(19|0) 0.3066702630166739
(19|1) -0.4660859554802636
(19|25) 0.43700403151168
(19|108) 0.32785956208661193
(19|110) 0.3578227854640552
(19|182) -0.34114721887196364
(19|185) 0.5619427681199799
(19|186) 0.43700403151168
(19|193) 0.43700403151168
(19|197) -0.40809400850257677
(20|0) -0.28315527189427686
(20|97) -0.34114721887196364
(20|108) 0.43700403151168
(20|110) -0.5172384779276449
(20|184) -0.6421772145359449
(24|111) -0.5172384779276449
(24|192) 0.43700403151168
(24|199) 0.43700403151168
(25|16) -0.4380572318800201
(25|17) -0.818268473591626
(25|19) 0.43700403151168
(25|50) -0.34114721887196364
(25|63) -0.4380572318800201
(25|87) -0.5172384779276449
(25|109) -0.34114721887196364
(25|110) -0.5172384779276449
(25|184) -0.3411472188719636
(25|185) 0.43700403151168
(25|186) -0.34114721887196364
(25|193) -0.6421772145359449
(25|194) 0.43700403151168
(25|195) -0.5172384779276449
(36|1) -0.28315527189427686
(36|16) -0.34114721887196364
(36|17) -0.44760254978625047
(36|49) 0.3023054576142238
(36|50) -0.3411472188719636
(36|87) -0.34114721887196364
(36|99) -0.2953897283112885
(36|109) -0.3411472188719636
(36|182) -0.2953897283112885
(36|186) -0.40809400850257677
(36|198) -0.34114721887196364
(37|108) 0.3578227854640552
(37|196) 0.37485612476283553
(48|86) 0.5619427681199799
(48|111) -0.5172384779276449
(48|181) -0.34114721887196364
(48|199) 0.43700403151168
(49|36) 0.3023054576142238
(49|65) -0.34114721887196364
(49|97) -0.34114721887196364
(49|98) 0.7380340271756612
(49|185) 0.43700403151168
(49|186) 0.43700403151168
(49|197) 0.43700403151168
(50|18) -0.7390872275440012
(50|25) -0.34114721887196364
(50|36) -0.3411472188719636
(50|61) -0.4380572318800201
(50|87) -0.7390872275440012
(50|109) -0.7390872275440012
(50|110) -0.34114721887196364
(50|182) -0.5172384779276449
(50|184) -0.34114721887196364
(50|193) -0.5172384779276449
(50|198) -0.34114721887196364
(61|50) -0.4380572318800201
(61|111) -0.5172384779276449
(61|197) -0.28315527189427686
(62|87) -0.38253990403018867
(62|99) -0.5172384779276449
(62|108) 0.43700403151168
(62|182) -0.3411472188719636
(62|193) 0.3578227854640552
(62|195) 0.32785956208661193
(63|25) -0.4380572318800201
(63|99) 0.43700403151168
(63|121) -0.34114721887196364
(63|185) 0.38585150906429877
(63|195) -0.4380572318800201
(63|196) 0.4827615220723552
(64|98) 0.5619427681199799
(64|108) 0.3578227854640552
(65|49) -0.34114721887196364
(65|98) -0.34114721887196364
(65|109) -0.34114721887196364
(72|111) -0.5172384779276449
(72|121) -0.34114721887196364
(72|199) 0.43700403151168
(86|48) 0.5619427681199799
(86|193) 0.5619427681199799
(87|17) -0.3411472188719636
(87|25) -0.5172384779276449
(87|36) -0.34114721887196364
(87|50) -0.7390872275440012
(87|62) -0.38253990403018867
(87|99) -0.4380572318800201
(87|100) -0.34114721887196364
(87|111) -0.34114721887196364
(87|183) -0.34114721887196364
(87|185) -0.34114721887196364
(87|197) -0.2953897283112885
(88|100) 0.3578227854640552
(88|108) 0.3468274011625919
(88|185) 0.8349440401837176
(88|192) 0.43700403151168
(88|193) -0.31632363514693146
(97|20) -0.34114721887196364
(97|49) -0.34114721887196364
(97|108) 0.3578227854640552
(97|185) -0.34114721887196364
(97|186) -0.34114721887196364
(98|49) 0.7380340271756612
(98|64) 0.5619427681199799
(98|65) -0.34114721887196364
(98|121) -0.34114721887196364
(99|16) -0.3411472188719636
(99|17) -0.5172384779276449
(99|18) 0.43700403151168
(99|36) -0.2953897283112885
(99|62) -0.5172384779276449
(99|63) 0.43700403151168
(99|87) -0.4380572318800201
(99|108) 0.38585150906429877
(99|109) -0.5841852675582581
(99|183) -0.3411472188719636
(99|193) -0.4380572318800201
(99|196) 0.5619427681199799
(100|87) -0.34114721887196364
(100|88) 0.3578227854640552
(100|184) -0.34114721887196364
(100|185) 0.5619427681199799
(100|193) -0.34114721887196364
(108|18) 0.3673681033702856
(108|19) 0.32785956208661193
(108|20) 0.43700403151168
(108|37) 0.3578227854640552
(108|62) 0.43700403151168
(108|64) 0.3578227854640552
(108|88) 0.3468274011625919
(108|97) 0.3578227854640552
(108|99) 0.38585150906429877
(108|120) 0.3101307951261804
(108|121) -0.34114721887196364
(108|182) 0.6130952905673613
(108|195) 0.37485612476283553
(108|196) 0.4717661377708919
(108|197) 0.5039508211422932
(109|17) -0.392299741319345
(109|25) -0.34114721887196364
(109|36) -0.3411472188719636
(109|50) -0.7390872275440012
(109|65) -0.34114721887196364
(109|99) -0.5841852675582581
(109|183) -0.31632363514693146
(109|186) -0.28315527189427686
(109|195) -0.4794499170382451
(109|197) -0.30335865798256384
(110|19) 0.3578227854640552
(110|20) -0.5172384779276449
(110|25) -0.5172384779276449
(110|50) -0.34114721887196364
(110|181) -0.5172384779276449
(110|182) -0.2953897283112885
(110|192) -0.34114721887196364
(110|196) -0.2953897283112885
(110|198) -0.34114721887196364
(111|0) -0.34114721887196364
(111|16) -0.5172384779276449
(111|24) -0.5172384779276449
(111|48) -0.5172384779276449
(111|61) -0.5172384779276449
(111|72) -0.5172384779276449
(111|87) -0.34114721887196364
(111|111) -0.5172384779276449
(111|120) -0.5172384779276449
(111|132) -0.5172384779276449
(111|144) -0.5172384779276449
(111|156) -0.5172384779276449
(111|168) -0.5172384779276449
(111|184) -0.34114721887196364
(120|108) 0.3101307951261804
(120|111) -0.5172384779276449
(120|199) 0.43700403151168
(121|63) -0.34114721887196364
(121|72) -0.34114721887196364
(121|98) -0.34114721887196364
(121|108) -0.34114721887196364
(121|121) -0.34114721887196364
(121|132) -0.34114721887196364
(121|144) -0.34114721887196364
(121|156) -0.34114721887196364
(121|168) -0.34114721887196364
(132|111) -0.5172384779276449
(132|121) -0.34114721887196364
(132|199) 0.43700403151168
(144|111) -0.5172384779276449
(144|121) -0.34114721887196364
(144|199) 0.43700403151168
(156|111) -0.5172384779276449
(156|121) -0.34114721887196364
(156|199) 0.43700403151168
(168|111) -0.5172384779276449
(168|121) -0.34114721887196364
(168|199) 0.43700403151168
(181|1) -0.34114721887196364
(181|48) -0.34114721887196364
(181|110) -0.5172384779276449
(181|193) -0.34114721887196364
(181|194) -0.34114721887196364
(182|19) -0.34114721887196364
(182|36) -0.2953897283112885
(182|50) -0.5172384779276449
(182|62) -0.3411472188719636
(182|108) 0.6130952905673613
(182|110) -0.2953897283112885
(182|194) 0.3578227854640552
(182|196) -0.5172384779276449
(183|87) -0.34114721887196364
(183|99) -0.3411472188719636
(183|109) -0.31632363514693146
(183|192) -0.34114721887196364
(184|16) -0.3411472188719636
(184|20) -0.6421772145359449
(184|25) -0.3411472188719636
(184|50) -0.34114721887196364
(184|100) -0.34114721887196364
(184|111) -0.34114721887196364
(185|16) 0.5619427681199799
(185|19) 0.5619427681199799
(185|25) 0.43700403151168
(185|49) 0.43700403151168
(185|63) 0.38585150906429877
(185|87) -0.34114721887196364
(185|88) 0.8349440401837176
(185|97) -0.34114721887196364
(185|100) 0.5619427681199799
(185|197) 0.43700403151168
(186|1) 0.43700403151168
(186|16) -0.34114721887196364
(186|18) 0.43700403151168
(186|19) 0.43700403151168
(186|25) -0.34114721887196364
(186|36) -0.40809400850257677
(186|49) 0.43700403151168
(186|97) -0.34114721887196364
(186|109) -0.28315527189427686
(192|16) -0.34114721887196364
(192|24) 0.43700403151168
(192|88) 0.43700403151168
(192|110) -0.34114721887196364
(192|183) -0.34114721887196364
(193|19) 0.43700403151168
(193|25) -0.6421772145359449
(193|50) -0.5172384779276449
(193|62) 0.3578227854640552
(193|86) 0.5619427681199799
(193|88) -0.31632363514693146
(193|99) -0.4380572318800201
(193|100) -0.34114721887196364
(193|181) -0.34114721887196364
(194|25) 0.43700403151168
(194|181) -0.34114721887196364
(194|182) 0.3578227854640552
(195|17) -0.34114721887196364
(195|25) -0.5172384779276449
(195|62) 0.32785956208661193
(195|63) -0.4380572318800201
(195|108) 0.37485612476283553
(195|109) -0.4794499170382451
(196|37) 0.37485612476283553
(196|63) 0.4827615220723552
(196|99) 0.5619427681199799
(196|108) 0.4717661377708919
(196|110) -0.2953897283112885
(196|182) -0.5172384779276449
(197|17) 0.3578227854640552
(197|18) 0.5039508211422932
(197|19) -0.40809400850257677
(197|49) 0.43700403151168
(197|61) -0.28315527189427686
(197|87) -0.2953897283112885
(197|108) 0.5039508211422932
(197|109) -0.30335865798256384
(197|185) 0.43700403151168
(198|17) -0.4380572318800201
(198|36) -0.34114721887196364
(198|50) -0.34114721887196364
(198|110) -0.34114721887196364
(199|0) 0.43700403151168
(199|24) 0.43700403151168
(199|48) 0.43700403151168
(199|72) 0.43700403151168
(199|120) 0.43700403151168
(199|132) 0.43700403151168
(199|144) 0.43700403151168
(199|156) 0.43700403151168
(199|168) 0.43700403151168
(199|199) 0.43700403151168
