(0|14) -0.38808386481149143
(0|50) 0.9921273769001147
(0|86) -0.4752340405303916
(0|100) -0.4228459710707033
(0|111) -0.38808386481149143
(0|186) 0.3900673855721522
(0|192) -0.5130226014197914
(0|198) -0.30890261876386654
(1|15) 0.39006738557215215
(1|25) 0.3900673855721522
(1|86) 0.3900673855721522
(1|90) 0.6910973812361334
(1|198) 0.5661586446278334
(14|0) -0.38808386481149143
(14|48) -0.38808386481149143
(14|61) -0.38808386481149143
(14|87) 0.3900673855721522
(14|88) -0.6099326144278477
(15|1) 0.39006738557215215
(15|97) -0.38808386481149143
(15|99) 0.3900673855721522
(15|100) -0.30890261876386654
(15|108) 0.4412199080195335
(15|111) -0.6099326144278477
(15|192) -0.6099326144278477
(16|36) -0.5282625679765282
(16|63) -0.7560606501060858
(16|86) -0.38808386481149143
(16|110) -0.4228459710707033
(16|183) 0.4570141752027653
(16|184) -0.3880838648114914
(16|185) -0.4849938778195478
(16|192) -0.38808386481149143
(16|193) -0.3502953039220916
(16|195) -0.8140525970837725
(16|196) 0.48697739858020866
(17|62) 0.3900673855721522
(17|65) 0.3900673855721522
(17|86) -0.5130226014197914
(17|90) 0.3900673855721522
(17|182) -0.38808386481149143
(17|184) -0.4672651108591162
(17|197) -0.6891138604754726
(18|25) 0.4570141752027653
(18|49) 0.39006738557215215
(18|62) -0.30890261876386654
(18|64) 0.3900673855721522
(18|196) 0.5661586446278334
(18|197) -0.38808386481149143
(18|198) 0.6910973812361334
(19|25) 0.3900673855721522
(19|36) 0.8671886402918146
(19|60) 0.5361954212503902
(19|98) 0.5661586446278334
(19|99) -0.38808386481149143
(19|108) 0.4248294918313641
(19|109) -0.33693134236411015
(19|194) 0.39006738557215215
(19|197) 0.6331054342584466
(20|37) 0.3900673855721522
(20|98) 0.3900673855721522
(24|50) 0.8671886402918146
(24|90) 0.5150061221804522
(24|100) -0.3502953039220916
(24|113) 0.3900673855721522
(24|186) 0.3900673855721522
(25|1) 0.3900673855721522
(25|18) 0.4570141752027653
(25|19) 0.3900673855721522
(25|50) 0.3900673855721522
(25|63) -0.5641751238671726
(25|65) 0.3900673855721522
(25|90) -0.5130226014197914
(25|99) 0.6910973812361334
(25|182) -0.38808386481149143
(25|183) 0.4412199080195335
(25|193) -0.30890261876386654
(25|194) 0.6533088203467335
(36|16) -0.5282625679765282
(36|19) 0.8671886402918146
(36|50) 0.7880073942441899
(36|64) -0.5130226014197914
(36|86) -0.6891138604754726
(36|194) 0.37303404627337183
(37|20) 0.3900673855721522
(37|50) 0.5661586446278334
(37|90) 0.39006738557215215
(37|100) -0.5130226014197914
(37|186) 0.9921273769001147
(48|14) -0.38808386481149143
(48|86) -0.4338413553721666
(48|96) 0.3900673855721522
(48|181) -0.33693134236411015
(48|186) 0.4412199080195335
(48|192) -0.30890261876386654
(49|18) 0.39006738557215215
(49|99) 0.48697739858020866
(49|182) 0.5661586446278334
(49|186) 0.3900673855721522
(49|192) -0.38808386481149143
(50|0) 0.9921273769001147
(50|24) 0.8671886402918146
(50|25) 0.3900673855721522
(50|36) 0.7880073942441899
(50|37) 0.5661586446278334
(50|50) 0.6910973812361334
(50|62) 0.5661586446278334
(50|72) 0.6910973812361334
(50|87) 0.6910973812361334
(50|88) 0.6910973812361334
(50|97) 0.6910973812361334
(50|120) 0.6910973812361334
(50|132) 0.6910973812361334
(50|144) 0.6910973812361334
(50|156) 0.6910973812361334
(50|168) 0.6910973812361334
(50|183) 0.6910973812361334
(60|19) 0.5361954212503902
(60|100) -0.38808386481149143
(60|195) 0.39006738557215215
(61|14) -0.38808386481149143
(61|90) 0.5661586446278334
(61|195) -0.38808386481149143
(61|198) -0.5130226014197914
(62|17) 0.3900673855721522
(62|18) -0.30890261876386654
(62|50) 0.5661586446278334
(62|97) 0.3900673855721522
(62|99) 0.3900673855721522
(62|108) 0.7880073942441899
(62|110) -0.38808386481149143
(62|111) -0.38808386481149143
(62|183) 1.0432798993474959
(62|194) 0.3900673855721522
(63|16) -0.7560606501060858
(63|25) -0.5641751238671726
(63|96) 0.3900673855721522
(63|99) 0.48697739858020866
(63|186) 0.3900673855721522
(63|192) -0.38808386481149143
(63|195) -0.30890261876386654
(63|196) 0.3900673855721522
(63|197) 0.39006738557215215
(64|18) 0.3900673855721522
(64|36) -0.5130226014197914
(64|97) -0.38808386481149143
(64|108) -0.6099326144278477
(64|109) 0.3900673855721522
(65|17) 0.3900673855721522
(65|25) 0.3900673855721522
(65|108) 0.3900673855721522
(65|195) 0.3900673855721522
(72|50) 0.6910973812361334
(72|100) -0.3259359580626469
(72|111) -0.38808386481149143
(72|113) 0.3900673855721522
(72|186) 0.4314600707303773
(72|192) -0.33693134236411015
(86|0) -0.4752340405303916
(86|1) 0.3900673855721522
(86|16) -0.38808386481149143
(86|17) -0.5130226014197914
(86|36) -0.6891138604754726
(86|48) -0.4338413553721666
(86|110) -0.4752340405303916
(86|193) -0.33693134236411015
(86|195) 0.3900673855721522
(87|14) 0.3900673855721522
(87|50) 0.6910973812361334
(87|96) 0.5661586446278334
(87|192) -0.6099326144278477
(87|195) 0.6119161351885086
(87|197) -0.45503065444210467
(88|14) -0.6099326144278477
(88|50) 0.6910973812361334
(88|100) -0.6099326144278477
(88|186) 0.6119161351885086
(88|195) -0.3155331976628797
(90|1) 0.6910973812361334
(90|17) 0.3900673855721522
(90|24) 0.5150061221804522
(90|25) -0.5130226014197914
(90|37) 0.39006738557215215
(90|61) 0.5661586446278334
(90|109) 0.3900673855721522
(96|48) 0.3900673855721522
(96|63) 0.3900673855721522
(96|87) 0.5661586446278334
(96|108) 0.3900673855721522
(96|183) 0.5661586446278334
(97|15) -0.38808386481149143
(97|50) 0.6910973812361334
(97|62) 0.3900673855721522
(97|64) -0.38808386481149143
(98|19) 0.5661586446278334
(98|20) 0.3900673855721522
(98|181) -0.38808386481149143
(98|185) -0.4638045787496098
(98|186) 0.3900673855721522
(99|15) 0.3900673855721522
(99|19) -0.38808386481149143
(99|25) 0.6910973812361334
(99|49) 0.48697739858020866
(99|62) 0.3900673855721522
(99|63) 0.48697739858020866
(99|196) 0.3900673855721522
(100|0) -0.4228459710707033
(100|15) -0.30890261876386654
(100|24) -0.3502953039220916
(100|37) -0.5130226014197914
(100|60) -0.38808386481149143
(100|72) -0.3259359580626469
(100|88) -0.6099326144278477
(100|100) -0.3259359580626469
(100|120) -0.3259359580626469
(100|132) -0.3259359580626469
(100|144) -0.3259359580626469
(100|156) -0.3259359580626469
(100|184) -0.6891138604754726
(108|15) 0.4412199080195335
(108|19) 0.4248294918313641
(108|62) 0.7880073942441899
(108|64) -0.6099326144278477
(108|65) 0.3900673855721522
(108|96) 0.3900673855721522
(108|181) -0.38808386481149143
(108|186) 0.3900673855721522
(109|19) -0.33693134236411015
(109|64) 0.3900673855721522
(109|90) 0.3900673855721522
(109|182) -0.5130226014197914
(109|186) 0.3900673855721522
(109|192) 0.3900673855721522
(109|195) -0.38808386481149143
(109|196) 0.35788270220075097
(110|16) -0.4228459710707033
(110|62) -0.38808386481149143
(110|86) -0.4752340405303916
(110|186) 0.5661586446278334
(110|192) -0.6099326144278477
(111|0) -0.38808386481149143
(111|15) -0.6099326144278477
(111|62) -0.38808386481149143
(111|72) -0.38808386481149143
(111|111) -0.38808386481149143
(111|120) -0.38808386481149143
(111|132) -0.38808386481149143
(111|144) -0.38808386481149143
(111|156) -0.38808386481149143
(111|168) -0.38808386481149143
(113|24) 0.3900673855721522
(113|72) 0.3900673855721522
(113|113) 0.3900673855721522
(113|120) 0.3900673855721522
(113|132) 0.3900673855721522
(113|144) 0.3900673855721522
(113|156) 0.3900673855721522
(113|168) 0.3900673855721522
(120|50) 0.6910973812361334
(120|100) -0.3259359580626469
(120|111) -0.38808386481149143
(120|113) 0.3900673855721522
(120|186) 0.4314600707303773
(120|192) -0.33693134236411015
(132|50) 0.6910973812361334
(132|100) -0.3259359580626469
(132|111) -0.38808386481149143
(132|113) 0.3900673855721522
(132|186) 0.4314600707303773
(132|192) -0.33693134236411015
(144|50) 0.6910973812361334
(144|100) -0.3259359580626469
(144|111) -0.38808386481149143
(144|113) 0.3900673855721522
(144|186) 0.4314600707303773
(144|192) -0.33693134236411015
(156|50) 0.6910973812361334
(156|100) -0.3259359580626469
(156|111) -0.38808386481149143
(156|113) 0.3900673855721522
(156|186) 0.4314600707303773
(156|192) -0.33693134236411015
(168|50) 0.6910973812361334
(168|111) -0.38808386481149143
(168|113) 0.3900673855721522
(168|186) 0.4314600707303773
(168|192) -0.33693134236411015
(181|48) -0.33693134236411015
(181|98) -0.38808386481149143
(181|108) -0.38808386481149143
(182|17) -0.38808386481149143
(182|25) -0.38808386481149143
(182|49) 0.5661586446278334
(182|109) -0.5130226014197914
(182|194) 0.6910973812361334
(183|16) 0.4570141752027653
(183|25) 0.4412199080195335
(183|50) 0.6910973812361334
(183|62) 1.0432798993474959
(183|96) 0.5661586446278334
(183|195) 0.469248631619777
(184|16) -0.3880838648114914
(184|17) -0.4672651108591162
(184|100) -0.6891138604754726
(184|192) -0.6099326144278477
(185|16) -0.4849938778195478
(185|98) -0.4638045787496098
(185|195) -0.5130226014197914
(185|197) -0.38808386481149143
(186|0) 0.3900673855721522
(186|24) 0.3900673855721522
(186|37) 0.9921273769001147
(186|48) 0.4412199080195335
(186|49) 0.3900673855721522
(186|63) 0.3900673855721522
(186|72) 0.4314600707303773
(186|88) 0.6119161351885086
(186|98) 0.3900673855721522
(186|108) 0.3900673855721522
(186|109) 0.3900673855721522
(186|110) 0.5661586446278334
(186|120) 0.4314600707303773
(186|132) 0.4314600707303773
(186|144) 0.4314600707303773
(186|156) 0.4314600707303773
(186|168) 0.4314600707303773
(186|186) 0.4314600707303773
(186|195) 0.3900673855721522
(186|196) 0.3900673855721522
(192|0) -0.5130226014197914
(192|15) -0.6099326144278477
(192|16) -0.38808386481149143
(192|48) -0.30890261876386654
(192|49) -0.38808386481149143
(192|63) -0.38808386481149143
(192|72) -0.33693134236411015
(192|87) -0.6099326144278477
(192|109) 0.3900673855721522
(192|110) -0.6099326144278477
(192|120) -0.33693134236411015
(192|132) -0.33693134236411015
(192|144) -0.33693134236411015
(192|156) -0.33693134236411015
(192|168) -0.33693134236411015
(192|184) -0.6099326144278477
(192|192) -0.33693134236411015
(193|16) -0.3502953039220916
(193|25) -0.30890261876386654
(193|86) -0.33693134236411015
(194|19) 0.39006738557215215
(194|25) 0.6533088203467335
(194|36) 0.37303404627337183
(194|62) 0.3900673855721522
(194|182) 0.6910973812361334
(195|16) -0.8140525970837725
(195|60) 0.39006738557215215
(195|61) -0.38808386481149143
(195|63) -0.30890261876386654
(195|65) 0.3900673855721522
(195|86) 0.3900673855721522
(195|87) 0.6119161351885086
(195|88) -0.3155331976628797
(195|109) -0.38808386481149143
(195|183) 0.469248631619777
(195|185) -0.5130226014197914
(195|186) 0.3900673855721522
(196|16) 0.48697739858020866
(196|18) 0.5661586446278334
(196|63) 0.3900673855721522
(196|99) 0.3900673855721522
(196|109) 0.35788270220075097
(196|186) 0.3900673855721522
(197|17) -0.6891138604754726
(197|18) -0.38808386481149143
(197|19) 0.6331054342584466
(197|63) 0.39006738557215215
(197|87) -0.45503065444210467
(197|185) -0.38808386481149143
(198|0) -0.30890261876386654
(198|1) 0.5661586446278334
(198|18) 0.6910973812361334
(198|61) -0.5130226014197914
